#           sample x_i        y_i
              1    -0.500     0.241
              2    -0.771     0.147
              3    -0.945     0.067
              4     0.867     1.040
              5    -0.128     0.464
              6    -0.365     0.212
              7     0.365     0.757
              8     0.691     1.118
              9     0.336     0.726
             10    -0.011     0.515
             11     0.029     0.497
             12     0.244     0.672
             13     0.457     0.795
             14    -0.666     0.037
             15    -0.968    -0.210
             16    -0.519     0.222
             17     0.089     0.510
             18     0.372     0.831
             19    -0.411     0.169
             20     0.212     0.590
             21     0.273     0.721
             22     0.062     0.596
             23     0.507     0.623
             24    -0.421     0.338
             25    -0.214     0.348
             26     0.855     0.987
             27    -0.121     0.215
             28     0.975     1.037
             29     0.322     0.735
             30     0.653     0.934
             31     0.871     0.997
             32     0.023     0.453
             33     0.829     0.932
             34     0.662     0.784
             35     0.689     0.944
             36    -0.712    -0.025
             37     0.819     0.961
             38    -0.312     0.302
             39     0.065     0.530
             40     0.227     0.492
             41     0.009     0.602
             42     0.004     0.560
             43    -0.366     0.421
             44     0.010     0.617
             45    -0.457     0.023
             46     0.154     0.685
             47    -0.750     0.167
             48     0.538     0.936
             49     0.549     0.636
             50    -0.852    -0.118
