j ratio accept a b
0 3845.42409715 True 0.33789609620175975 0.48588914196927224
1 80056.0392097 True 0.358407102524633 0.5410010554583404
2 1394.84106147 True 0.3855142384633826 0.5313175246294165
3 3.04760471712 True 0.44012551933355143 0.42031864430938487
4 172.56656813 True 0.4243967033406157 0.498637260354119
5 9.57714225114 True 0.42952193451648774 0.5189929339342458
6 0.100152310759 False 0.42952193451648774 0.5189929339342458
7 0.0113545433755 False 0.42952193451648774 0.5189929339342458
8 0.300973417325 False 0.42952193451648774 0.5189929339342458
9 739.979677108 True 0.4684633509342215 0.5677275987389077
10 1.69008039932e-05 False 0.4684633509342215 0.5677275987389077
11 0.00016231335023 False 0.4684633509342215 0.5677275987389077
12 0.00143720838157 False 0.4684633509342215 0.5677275987389077
13 2.27991314732 True 0.5076067845965347 0.5595145389661564
14 0.245410333253 False 0.5076067845965347 0.5595145389661564
15 0.0208090172846 False 0.5076067845965347 0.5595145389661564
16 5.93240063721e-08 False 0.5076067845965347 0.5595145389661564
17 0.197730674157 True 0.46129813802635405 0.5591030772264404
18 0.00504379827411 False 0.46129813802635405 0.5591030772264404
19 0.676271683675 False 0.46129813802635405 0.5591030772264404
20 0.279810795612 False 0.46129813802635405 0.5591030772264404
21 2.45090824333 True 0.4682412711429123 0.5727275029324144
22 2.82176065948 True 0.4958591661446437 0.6282145024491993
23 0.0269909583596 False 0.4958591661446437 0.6282145024491993
24 0.0264624659017 False 0.4958591661446437 0.6282145024491993
25 0.0302780081956 False 0.4958591661446437 0.6282145024491993
26 1.20252855028 True 0.4894173595787677 0.599361313572419
27 0.583044643425 True 0.47679957358250513 0.5830657062252314
28 8.53182758147e-05 False 0.47679957358250513 0.5830657062252314
29 0.00024698792681 False 0.47679957358250513 0.5830657062252314
30 0.318032263844 True 0.4667774582107244 0.5589050232433412
31 2.70031409818 True 0.486126217236661 0.5580370796895356
32 0.0903690089094 True 0.5280515289178408 0.5107488297450827
33 0.00152576191104 False 0.5280515289178408 0.5107488297450827
34 0.011085771489 False 0.5280515289178408 0.5107488297450827
35 15.2852822971 True 0.5083654277223673 0.5659783926172669
36 0.0943446851004 False 0.5083654277223673 0.5659783926172669
37 0.208881136511 False 0.5083654277223673 0.5659783926172669
38 0.685933530505 True 0.5238458690877285 0.6068260994772213
39 0.51866669974 True 0.4662064065885161 0.5711219492420369
40 1.13397470616 True 0.4630124202538413 0.594962412292822
41 0.0103906738978 False 0.4630124202538413 0.594962412292822
42 1.74066859627 True 0.5196047396626888 0.6230032854266963
43 0.908844044878 True 0.4691328456445238 0.6122047477062056
44 0.00127937162281 False 0.4691328456445238 0.6122047477062056
45 1.2039807539 True 0.5172008017937336 0.5656747679822247
46 1.54517235407e-08 False 0.5172008017937336 0.5656747679822247
47 0.333520554815 False 0.5172008017937336 0.5656747679822247
48 0.361716782565 False 0.5172008017937336 0.5656747679822247
49 0.0495655781478 False 0.5172008017937336 0.5656747679822247
50 1.65153981072 True 0.483943195220847 0.6056468017713188
51 0.112814607096 True 0.4984794491810603 0.5130058497660165
52 2.35602887667 True 0.46010465316114296 0.609542556688732
53 0.858495822858 True 0.5245657928831229 0.6458602635607474
54 0.00192471266862 False 0.5245657928831229 0.6458602635607474
55 0.000334484260074 False 0.5245657928831229 0.6458602635607474
56 1.94126039884e-06 False 0.5245657928831229 0.6458602635607474
57 0.000314685934162 False 0.5245657928831229 0.6458602635607474
58 0.308682733315 False 0.5245657928831229 0.6458602635607474
59 0.0189062847462 False 0.5245657928831229 0.6458602635607474
60 2.47114909197e-11 False 0.5245657928831229 0.6458602635607474
61 0.019980161683 False 0.5245657928831229 0.6458602635607474
62 0.000205039601229 False 0.5245657928831229 0.6458602635607474
63 3.50305697408 True 0.5052123561061889 0.5642734322916966
64 0.477586984705 False 0.5052123561061889 0.5642734322916966
65 3.99208471156e-05 False 0.5052123561061889 0.5642734322916966
66 0.284155999187 True 0.46844099724921984 0.5573528315877679
67 0.112413132992 False 0.46844099724921984 0.5573528315877679
68 2.55512498598 True 0.4866227039187028 0.5581081803846925
69 1.48040589858 True 0.48004172528424605 0.6120015432354755
70 0.0125288982296 False 0.48004172528424605 0.6120015432354755
71 0.00452605049988 False 0.48004172528424605 0.6120015432354755
72 0.0881465534147 False 0.48004172528424605 0.6120015432354755
73 0.9723243017 True 0.47967510241957034 0.6143767698900054
74 0.0012885899268 False 0.47967510241957034 0.6143767698900054
75 0.268532114943 False 0.47967510241957034 0.6143767698900054
76 0.00152194425937 False 0.47967510241957034 0.6143767698900054
77 0.546545350115 True 0.4936146230359327 0.6556664627919625
78 0.406700224589 True 0.4774408018096956 0.6715583775825974
79 2.85179684138e-05 False 0.4774408018096956 0.6715583775825974
80 0.525917838955 True 0.5335103403607274 0.6503091543343997
81 1.33903588368 True 0.534407250126379 0.6394661308361934
82 2.01540916199e-06 False 0.534407250126379 0.6394661308361934
83 0.351901119176 True 0.5384396593911843 0.6575554137015354
84 0.00213142753654 False 0.5384396593911843 0.6575554137015354
85 9.25287063493 True 0.5255859666927933 0.6176572356598787
86 0.000141604180483 False 0.5255859666927933 0.6176572356598787
87 0.00321481519245 False 0.5255859666927933 0.6176572356598787
88 1.84421273778 True 0.5173428596934556 0.6010874773865362
89 0.000462543377209 False 0.5173428596934556 0.6010874773865362
90 0.119238229967 False 0.5173428596934556 0.6010874773865362
91 1.057414 True 0.5158871403413527 0.6026641859192355
92 0.402820552871 False 0.5158871403413527 0.6026641859192355
93 0.106099669803 True 0.5147401574481345 0.5107419185544506
94 0.0432077137509 False 0.5147401574481345 0.5107419185544506
95 6.04221176933 True 0.524729771747863 0.601116009313261
96 0.00518981046764 False 0.524729771747863 0.601116009313261
97 0.112144411107 False 0.524729771747863 0.601116009313261
98 2.21035520237 True 0.49597916275647674 0.5891450194698435
99 0.00920991418576 False 0.49597916275647674 0.5891450194698435
100 0.751872360779 True 0.5146882550955486 0.5959771777165024
101 0.000777608080981 False 0.5146882550955486 0.5959771777165024
102 7.01835455179e-07 False 0.5146882550955486 0.5959771777165024
103 0.00241552471786 False 0.5146882550955486 0.5959771777165024
104 0.68788957283 False 0.5146882550955486 0.5959771777165024
105 5.57479220311e-12 False 0.5146882550955486 0.5959771777165024
106 6.44869708612e-07 False 0.5146882550955486 0.5959771777165024
107 0.068257626631 False 0.5146882550955486 0.5959771777165024
108 0.445971692501 False 0.5146882550955486 0.5959771777165024
109 0.741972305275 False 0.5146882550955486 0.5959771777165024
110 0.313231153563 True 0.46873064542492887 0.5634590306459812
111 0.865897368856 True 0.5340849332102318 0.5688407276145554
112 0.217347921549 False 0.5340849332102318 0.5688407276145554
113 2.51877177741 True 0.5205887309501733 0.5749709542520566
114 0.424792081579 True 0.47249415848920007 0.5528159316168269
115 0.000127017150574 False 0.47249415848920007 0.5528159316168269
116 0.734049222927 True 0.461774931466817 0.6464742521613811
117 1.9451770391e-05 False 0.461774931466817 0.6464742521613811
118 0.00233573020208 False 0.461774931466817 0.6464742521613811
119 2.16699284003 True 0.5285708012928669 0.5816103679772163
120 0.407084294929 False 0.5285708012928669 0.5816103679772163
121 2.37816258473 True 0.5119078034669998 0.5932208760488381
122 0.0057455127874 False 0.5119078034669998 0.5932208760488381
123 0.000690179802838 False 0.5119078034669998 0.5932208760488381
124 0.206933448203 False 0.5119078034669998 0.5932208760488381
125 0.209138833709 False 0.5119078034669998 0.5932208760488381
126 0.00814689958373 False 0.5119078034669998 0.5932208760488381
127 2.20275733074e-09 False 0.5119078034669998 0.5932208760488381
128 0.000287847427378 False 0.5119078034669998 0.5932208760488381
129 0.222553142556 False 0.5119078034669998 0.5932208760488381
130 0.0156504044392 False 0.5119078034669998 0.5932208760488381
131 0.0108675619234 False 0.5119078034669998 0.5932208760488381
132 0.816318080736 False 0.5119078034669998 0.5932208760488381
133 4.93577325926e-05 False 0.5119078034669998 0.5932208760488381
134 0.0449623565568 False 0.5119078034669998 0.5932208760488381
135 0.503048452631 True 0.4820588241707682 0.5577038754236906
136 0.000403961259502 False 0.4820588241707682 0.5577038754236906
137 1.20460315477e-05 False 0.4820588241707682 0.5577038754236906
138 1.5317577985 True 0.5094062085913461 0.5644823735299549
139 0.0664312512272 True 0.5504876623138606 0.5677499457734274
140 0.000696164642083 False 0.5504876623138606 0.5677499457734274
141 4.98691216986 True 0.5328851592298417 0.6180325976261288
142 0.0017143401851 False 0.5328851592298417 0.6180325976261288
143 0.186187467477 False 0.5328851592298417 0.6180325976261288
144 2.4750378115 True 0.5102447407993354 0.5566939515098194
145 0.629625921945 True 0.4881212249070034 0.659358770899388
146 7.90984164504e-09 False 0.4881212249070034 0.659358770899388
147 0.342666427836 False 0.4881212249070034 0.659358770899388
148 0.012010562677 False 0.4881212249070034 0.659358770899388
149 8.24189581296e-05 False 0.4881212249070034 0.659358770899388
150 0.955050267792 True 0.46981185491821986 0.6396781093494959
151 0.00161957851593 False 0.46981185491821986 0.6396781093494959
152 0.00979585317716 False 0.46981185491821986 0.6396781093494959
153 1.94842937712 True 0.5036695693602156 0.6374321954958105
154 0.987204897377 True 0.5138260899637057 0.624029959484524
155 1.26709004237 True 0.5139589323147 0.6016514942529224
156 0.00145854761168 False 0.5139589323147 0.6016514942529224
157 0.00115563219384 False 0.5139589323147 0.6016514942529224
158 5.13418399073e-06 False 0.5139589323147 0.6016514942529224
159 0.270017723014 False 0.5139589323147 0.6016514942529224
160 1.09664784223 True 0.4957640641816783 0.6258915499918836
161 0.00245322778371 False 0.4957640641816783 0.6258915499918836
162 0.0593733140389 False 0.4957640641816783 0.6258915499918836
163 0.00178524379824 False 0.4957640641816783 0.6258915499918836
164 1.20140540194 True 0.5012281868320413 0.606174951991499
165 1.0207237275e-06 False 0.5012281868320413 0.606174951991499
166 0.0569025188774 False 0.5012281868320413 0.606174951991499
167 0.93074327907 True 0.49127376621440516 0.6151013585087128
168 0.00205016496653 False 0.49127376621440516 0.6151013585087128
169 0.018865588987 False 0.49127376621440516 0.6151013585087128
170 0.588247318876 False 0.49127376621440516 0.6151013585087128
171 0.147370660953 False 0.49127376621440516 0.6151013585087128
172 0.00874369310405 False 0.49127376621440516 0.6151013585087128
173 0.0058421321267 False 0.49127376621440516 0.6151013585087128
174 0.100701997756 False 0.49127376621440516 0.6151013585087128
175 0.663885787261 True 0.5147296496206127 0.6199744688848429
176 0.60534480751 True 0.5063378657926885 0.6516100687409714
177 0.285361817007 False 0.5063378657926885 0.6516100687409714
178 0.336126766228 False 0.5063378657926885 0.6516100687409714
179 0.285896599121 False 0.5063378657926885 0.6516100687409714
180 0.000916978912624 False 0.5063378657926885 0.6516100687409714
181 8.95670908617e-06 False 0.5063378657926885 0.6516100687409714
182 0.0433998105056 False 0.5063378657926885 0.6516100687409714
183 0.575513234673 False 0.5063378657926885 0.6516100687409714
184 0.0194256693406 False 0.5063378657926885 0.6516100687409714
185 2.50617970137 True 0.4881841632838587 0.6050823942688948
186 0.0178881436052 False 0.4881841632838587 0.6050823942688948
187 1.08377864816 True 0.5011262628401074 0.6015467732715887
188 0.577696520678 True 0.5200732213161978 0.5902223908394252
189 1.55184306594 True 0.5001410756175914 0.5797737658639041
190 0.0102031063599 False 0.5001410756175914 0.5797737658639041
191 0.869003672761 True 0.48215828341395317 0.5973459970543356
192 1.24795981971 True 0.5027481983573818 0.5916799967657413
193 0.00431226795306 False 0.5027481983573818 0.5916799967657413
194 1.12040809566e-05 False 0.5027481983573818 0.5916799967657413
195 0.465137717292 True 0.5224513848397093 0.6138946036619046
196 0.0331342643616 False 0.5224513848397093 0.6138946036619046
197 0.117141914712 True 0.48717663491289187 0.6963126921040858
198 0.000110214657567 False 0.48717663491289187 0.6963126921040858
199 0.318685591153 False 0.48717663491289187 0.6963126921040858
200 0.6329359015 True 0.47607936537275525 0.7000415413551837
201 9.69300889923e-07 False 0.47607936537275525 0.7000415413551837
202 0.00746491011447 False 0.47607936537275525 0.7000415413551837
203 0.00127642051124 False 0.47607936537275525 0.7000415413551837
204 1.5135478641 True 0.4465293920195732 0.6335885368022476
205 0.000102801946652 False 0.4465293920195732 0.6335885368022476
206 3.16861322722e-05 False 0.4465293920195732 0.6335885368022476
207 14.5480382683 True 0.48093974208914025 0.5951060154813185
208 0.0539650469553 False 0.48093974208914025 0.5951060154813185
209 0.0268826921879 False 0.48093974208914025 0.5951060154813185
210 0.534820859325 False 0.48093974208914025 0.5951060154813185
211 0.207180010579 False 0.48093974208914025 0.5951060154813185
212 0.000862087336597 False 0.48093974208914025 0.5951060154813185
213 0.229900314803 True 0.48970182478704105 0.5279046615546112
214 2.54671947431 True 0.5109092146218387 0.5511962968868764
215 0.105624167782 False 0.5109092146218387 0.5511962968868764
216 0.286359828186 False 0.5109092146218387 0.5511962968868764
217 3.21365534796e-05 False 0.5109092146218387 0.5511962968868764
218 1.58664642155e-05 False 0.5109092146218387 0.5511962968868764
219 1.75890001257 True 0.4851503671181713 0.5826277220431777
220 6.03397357791e-07 False 0.4851503671181713 0.5826277220431777
221 0.93367778572 True 0.5143279391698816 0.6080970249078523
222 0.0151108534993 False 0.5143279391698816 0.6080970249078523
223 0.214610847386 False 0.5143279391698816 0.6080970249078523
224 1.27294851932 True 0.48741146381025985 0.6069630309402982
225 0.227706718555 False 0.48741146381025985 0.6069630309402982
226 0.189450054154 False 0.48741146381025985 0.6069630309402982
227 1.01314884084 True 0.48891870126806647 0.6105596994159933
228 0.222448515227 False 0.48891870126806647 0.6105596994159933
229 0.00497630672086 False 0.48891870126806647 0.6105596994159933
230 0.0422584925658 False 0.48891870126806647 0.6105596994159933
231 0.557943941369 True 0.4938361357350035 0.6464493671945939
232 0.00183233135211 False 0.4938361357350035 0.6464493671945939
233 0.173944937372 True 0.4722177485146961 0.6792484999436138
234 0.978692055222 True 0.47880519519300113 0.6846006544772757
235 0.000168225320089 False 0.47880519519300113 0.6846006544772757
236 0.612240997927 False 0.47880519519300113 0.6846006544772757
237 0.000700128275844 False 0.47880519519300113 0.6846006544772757
238 0.804898954063 True 0.4681242300065754 0.6800544740543287
239 0.32955321849 True 0.5033537483211548 0.706681009077644
240 0.281109197483 True 0.46257300928177797 0.7156050996362624
241 38.3152150792 True 0.5064622117133528 0.6619334241794484
242 0.316033014739 False 0.5064622117133528 0.6619334241794484
243 1.21421921645 True 0.4645224870487885 0.5977043416359864
244 0.105505055515 True 0.453798868705957 0.5438708806626973
245 4.73341772979e-10 False 0.453798868705957 0.5438708806626973
246 0.0706145610076 False 0.453798868705957 0.5438708806626973
247 0.000273659766788 False 0.453798868705957 0.5438708806626973
248 0.000593619406473 False 0.453798868705957 0.5438708806626973
249 2.60298274488 True 0.49442647905337866 0.5118775589021635
250 0.236254397064 False 0.49442647905337866 0.5118775589021635
251 8.6246980595e-07 False 0.49442647905337866 0.5118775589021635
252 7.66797594605 True 0.5033932053457209 0.561501048378153
253 0.902151925038 True 0.5181144466437071 0.5766730088039342
254 0.0185069230822 False 0.5181144466437071 0.5766730088039342
255 0.74749184192 False 0.5181144466437071 0.5766730088039342
256 0.09827025223 False 0.5181144466437071 0.5766730088039342
257 8.17115009383e-11 False 0.5181144466437071 0.5766730088039342
258 0.61758819257 True 0.49269725874186754 0.6575707708971437
259 1.97388460822 True 0.4954419323707742 0.6342199178265131
260 0.0124505410061 False 0.4954419323707742 0.6342199178265131
261 0.0577211194997 False 0.4954419323707742 0.6342199178265131
262 0.221698890307 False 0.4954419323707742 0.6342199178265131
263 0.0121325877715 False 0.4954419323707742 0.6342199178265131
264 0.0110321074012 False 0.4954419323707742 0.6342199178265131
265 0.00898385661972 False 0.4954419323707742 0.6342199178265131
266 0.0155386742929 False 0.4954419323707742 0.6342199178265131
267 0.119959779559 False 0.4954419323707742 0.6342199178265131
268 0.151533602331 False 0.4954419323707742 0.6342199178265131
269 0.0297869100924 False 0.4954419323707742 0.6342199178265131
270 1.01622804734 True 0.4820046638935156 0.6207264549722955
271 0.650827260687 False 0.4820046638935156 0.6207264549722955
272 0.661916600799 False 0.4820046638935156 0.6207264549722955
273 0.423850138924 False 0.4820046638935156 0.6207264549722955
274 0.432549035211 False 0.4820046638935156 0.6207264549722955
275 0.0825986079219 False 0.4820046638935156 0.6207264549722955
276 0.681214212996 True 0.5234613474854504 0.5969120637749126
277 2.06330434479 True 0.5013310694423144 0.5958190214926297
278 0.321074819882 False 0.5013310694423144 0.5958190214926297
279 0.320976769169 False 0.5013310694423144 0.5958190214926297
280 0.650660710097 False 0.5013310694423144 0.5958190214926297
281 0.613619900833 True 0.5098980169452205 0.6293693978287911
282 0.818540636593 True 0.5216390035080316 0.5795911458794392
283 0.0347795314626 False 0.5216390035080316 0.5795911458794392
284 1.91192696493 True 0.5024941601838574 0.5885042165523613
285 0.369572870777 False 0.5024941601838574 0.5885042165523613
286 0.29066821549 False 0.5024941601838574 0.5885042165523613
287 1.47848058085e-08 False 0.5024941601838574 0.5885042165523613
288 0.000562211899245 False 0.5024941601838574 0.5885042165523613
289 0.658331765465 True 0.5178948350335402 0.5869945453554397
290 0.142388213921 False 0.5178948350335402 0.5869945453554397
291 0.00206663056389 False 0.5178948350335402 0.5869945453554397
292 0.526229176904 False 0.5178948350335402 0.5869945453554397
293 0.000153923162256 False 0.5178948350335402 0.5869945453554397
294 0.0834961246793 False 0.5178948350335402 0.5869945453554397
295 0.00457019138657 False 0.5178948350335402 0.5869945453554397
296 1.33457945541 True 0.4977500220020373 0.6239244417799044
297 0.0634706448231 False 0.4977500220020373 0.6239244417799044
298 0.0900971816819 False 0.4977500220020373 0.6239244417799044
299 0.0748577719642 True 0.4603348682714644 0.6712590518730662
300 0.661125235236 False 0.4603348682714644 0.6712590518730662
301 5.52371557196 True 0.5257755604416797 0.6178832411546257
302 0.170509906831 False 0.5257755604416797 0.6178832411546257
303 0.0108035287604 False 0.5257755604416797 0.6178832411546257
304 0.000430666740589 False 0.5257755604416797 0.6178832411546257
305 2.23107561668 True 0.5123139797363451 0.5868869748335728
306 1.41803270127e-05 False 0.5123139797363451 0.5868869748335728
307 1.0100448754 True 0.49258132261533377 0.5736974819926451
308 0.00177872287668 False 0.49258132261533377 0.5736974819926451
309 0.952175578185 True 0.5124274243796932 0.6103410838073052
310 0.000700641399577 False 0.5124274243796932 0.6103410838073052
311 0.894219834957 True 0.4922645478256147 0.6358405303254454
312 1.04717636942 True 0.4923947825917917 0.6337528837812464
313 1.37099702025 True 0.5012513837707573 0.6104219459279399
314 0.106190914292 False 0.5012513837707573 0.6104219459279399
315 0.168856380145 False 0.5012513837707573 0.6104219459279399
316 0.443974340059 True 0.49524072040836353 0.652233911004441
317 1.64740762949e-05 False 0.49524072040836353 0.652233911004441
318 3.75915048065e-09 False 0.49524072040836353 0.652233911004441
319 0.941787381227 True 0.4683413030539067 0.6094376616559773
320 1.36169897509e-05 False 0.4683413030539067 0.6094376616559773
321 0.000504181797906 False 0.4683413030539067 0.6094376616559773
322 1.23498857037 True 0.4854568051268677 0.5604106821705043
323 0.000262404387842 False 0.4854568051268677 0.5604106821705043
324 0.00138316711195 False 0.4854568051268677 0.5604106821705043
325 0.257141104711 False 0.4854568051268677 0.5604106821705043
326 4.88193732121e-05 False 0.4854568051268677 0.5604106821705043
327 0.80831752944 False 0.4854568051268677 0.5604106821705043
328 0.878107148377 True 0.5252859136149648 0.5958362809322935
329 0.000327644313279 False 0.5252859136149648 0.5958362809322935
330 0.00838792385688 False 0.5252859136149648 0.5958362809322935
331 0.884061203976 True 0.5172370888903856 0.553838697410584
332 0.0757571084314 False 0.5172370888903856 0.553838697410584
333 0.1796815598 False 0.5172370888903856 0.553838697410584
334 1.2213367435 True 0.4807229623875099 0.5652219907218139
335 0.0672366591277 False 0.4807229623875099 0.5652219907218139
336 0.0184723193198 False 0.4807229623875099 0.5652219907218139
337 0.46045065775 True 0.5339307185353386 0.6083616721330436
338 0.0261443682011 False 0.5339307185353386 0.6083616721330436
339 0.19405181674 False 0.5339307185353386 0.6083616721330436
340 0.000415057898444 False 0.5339307185353386 0.6083616721330436
341 0.00375594000856 False 0.5339307185353386 0.6083616721330436
342 2.10435330278e-06 False 0.5339307185353386 0.6083616721330436
343 2.4295289722e-06 False 0.5339307185353386 0.6083616721330436
344 0.663758111958 True 0.5224142680595927 0.6572163674671484
345 3.52569152693 True 0.47226647739087896 0.6018446785208642
346 0.000101391705214 False 0.47226647739087896 0.6018446785208642
347 0.0524631594802 False 0.47226647739087896 0.6018446785208642
348 1.3054701591 True 0.5161276258781502 0.6079485313231981
349 0.0319160944758 False 0.5161276258781502 0.6079485313231981
350 0.0577774579664 False 0.5161276258781502 0.6079485313231981
351 0.0350491922865 False 0.5161276258781502 0.6079485313231981
352 0.0496897227253 False 0.5161276258781502 0.6079485313231981
353 0.0372342225056 False 0.5161276258781502 0.6079485313231981
354 1.51840770373 True 0.5007857288242896 0.5963417072780305
355 0.544793838679 True 0.5212563280193516 0.5920860090942498
356 0.157984089328 True 0.544023153151721 0.5719744882479121
357 0.418632969109 False 0.544023153151721 0.5719744882479121
358 0.0434539126356 False 0.544023153151721 0.5719744882479121
359 0.0023511366924 False 0.544023153151721 0.5719744882479121
360 5.60181054011e-05 False 0.544023153151721 0.5719744882479121
361 0.0229441818922 False 0.544023153151721 0.5719744882479121
362 0.0342256338562 False 0.544023153151721 0.5719744882479121
363 6.21086029739 True 0.5158244971762436 0.6246202337146943
364 0.1305036985 True 0.4772639284150941 0.5206492252347364
365 0.0799365704368 False 0.4772639284150941 0.5206492252347364
366 6.67453305524e-08 False 0.4772639284150941 0.5206492252347364
367 2.24247627836 True 0.49144122093665493 0.525307394679014
368 0.0011304198596 False 0.49144122093665493 0.525307394679014
369 0.0292988542134 False 0.49144122093665493 0.525307394679014
370 0.08508989753 False 0.49144122093665493 0.525307394679014
371 2.51026512215 True 0.5101842082145104 0.5475895331060042
372 0.000454223736588 False 0.5101842082145104 0.5475895331060042
373 1.61939136051 True 0.47685859436251804 0.607168980005261
374 0.445137114294 False 0.47685859436251804 0.607168980005261
375 1.16124200514 True 0.4805140107258961 0.6003171109898924
376 0.415712660977 False 0.4805140107258961 0.6003171109898924
377 0.000263492133686 False 0.4805140107258961 0.6003171109898924
378 1.10400290173 True 0.48577681157206365 0.5875902329764168
379 0.672687391063 True 0.5197890268935641 0.6092636734476818
380 1.09652413583 True 0.4909755044906621 0.639779139545637
381 0.0242440672864 False 0.4909755044906621 0.639779139545637
382 0.221556711813 False 0.4909755044906621 0.639779139545637
383 0.0317318288896 False 0.4909755044906621 0.639779139545637
384 1.16620977011 True 0.5156286326058115 0.5906770509704979
385 1.06049892942e-05 False 0.5156286326058115 0.5906770509704979
386 0.0966073269891 False 0.5156286326058115 0.5906770509704979
387 0.221394374997 True 0.5261784458807737 0.6483496730297621
388 4.53762829375 True 0.4891663709733644 0.6316421307090597
389 1.10129792994 True 0.49053063682694 0.6272103080734491
390 0.263412374338 False 0.49053063682694 0.6272103080734491
391 0.229195896585 False 0.49053063682694 0.6272103080734491
392 0.218981504678 False 0.49053063682694 0.6272103080734491
393 0.00633690549125 False 0.49053063682694 0.6272103080734491
394 0.0109369784928 False 0.49053063682694 0.6272103080734491
395 0.00277877148097 False 0.49053063682694 0.6272103080734491
396 0.0369930522827 False 0.49053063682694 0.6272103080734491
397 0.728270708132 True 0.4899293252338299 0.6418465614229024
398 1.37027003018 True 0.5131601535430785 0.5962275978630848
399 0.439785156871 False 0.5131601535430785 0.5962275978630848
400 0.621732184976 True 0.5173246007370333 0.5638109926565837
401 0.301131189981 False 0.5173246007370333 0.5638109926565837
402 1.13020499551 True 0.47774410917934784 0.5792581025566998
403 0.0144006104009 False 0.47774410917934784 0.5792581025566998
404 0.160245581194 False 0.47774410917934784 0.5792581025566998
405 0.159626661603 False 0.47774410917934784 0.5792581025566998
406 1.56070454321e-17 False 0.47774410917934784 0.5792581025566998
407 0.0104978051991 False 0.47774410917934784 0.5792581025566998
408 0.00787236341711 False 0.47774410917934784 0.5792581025566998
409 0.00895057683448 False 0.47774410917934784 0.5792581025566998
410 0.374889866705 True 0.5314279278032672 0.5592527474146392
411 0.0552876932474 False 0.5314279278032672 0.5592527474146392
412 0.0387094900278 False 0.5314279278032672 0.5592527474146392
413 0.066943610081 False 0.5314279278032672 0.5592527474146392
414 7.27465192669e-07 False 0.5314279278032672 0.5592527474146392
415 0.488344098513 False 0.5314279278032672 0.5592527474146392
416 0.00345973503636 False 0.5314279278032672 0.5592527474146392
417 3.40825937352 True 0.48194828743713614 0.5842357936889712
418 0.0523819617296 False 0.48194828743713614 0.5842357936889712
419 0.876936765784 False 0.48194828743713614 0.5842357936889712
420 0.522094308523 False 0.48194828743713614 0.5842357936889712
421 0.483579518496 False 0.48194828743713614 0.5842357936889712
422 1.11950620488 True 0.5067727404904611 0.574464699690984
423 0.589380834445 True 0.473806298462991 0.5811942161446804
424 0.0344485338375 False 0.473806298462991 0.5811942161446804
425 0.40095521501 False 0.473806298462991 0.5811942161446804
426 1.42375384148 True 0.5102713806773391 0.5681697273058964
427 1.37320983802 True 0.5054369296099885 0.5849053929018799
428 0.0757354953928 True 0.4897835489484763 0.5104658804677321
429 2.23844167611 True 0.5315975016711851 0.5477424355333136
430 0.720863422502 True 0.5276648771931391 0.5307958747846447
431 0.51097552918 False 0.5276648771931391 0.5307958747846447
432 8.53452437 True 0.49506424151119033 0.584891487243129
433 0.0741535417361 False 0.49506424151119033 0.584891487243129
434 0.327207559161 False 0.49506424151119033 0.584891487243129
435 0.0709952906541 False 0.49506424151119033 0.584891487243129
436 0.000441890280164 False 0.49506424151119033 0.584891487243129
437 0.00854168280107 False 0.49506424151119033 0.584891487243129
438 0.00130163407929 False 0.49506424151119033 0.584891487243129
439 5.39131083292e-05 False 0.49506424151119033 0.584891487243129
440 0.137362736339 False 0.49506424151119033 0.584891487243129
441 0.129132688724 False 0.49506424151119033 0.584891487243129
442 0.00380571237491 False 0.49506424151119033 0.584891487243129
443 0.916702398326 False 0.49506424151119033 0.584891487243129
444 0.290333025297 False 0.49506424151119033 0.584891487243129
445 7.51527913668e-08 False 0.49506424151119033 0.584891487243129
446 0.0390449030275 False 0.49506424151119033 0.584891487243129
447 0.317335360796 True 0.49359650069784045 0.5388956856328087
448 0.000473733802616 False 0.49359650069784045 0.5388956856328087
449 1.12295663255 True 0.4701775755082209 0.5752827139229537
450 1.08952244564 True 0.5271103585319781 0.6071173357910082
451 1.38913536144 True 0.4833367133106401 0.6416574635549644
452 0.582806770474 False 0.4833367133106401 0.6416574635549644
453 0.135969113755 False 0.4833367133106401 0.6416574635549644
454 1.61330036827 True 0.4964984155749693 0.5736673124346716
455 2.5830821268e-08 False 0.4964984155749693 0.5736673124346716
456 0.0844786716513 False 0.4964984155749693 0.5736673124346716
457 0.100653420784 False 0.4964984155749693 0.5736673124346716
458 0.120938390413 False 0.4964984155749693 0.5736673124346716
459 3.58900573061e-06 False 0.4964984155749693 0.5736673124346716
460 0.000102659743674 False 0.4964984155749693 0.5736673124346716
461 0.00715614202096 False 0.4964984155749693 0.5736673124346716
462 0.173530174117 False 0.4964984155749693 0.5736673124346716
463 8.90647465088e-05 False 0.4964984155749693 0.5736673124346716
464 0.724254602619 True 0.5081997774848822 0.6333268475963322
465 0.00035417945712 False 0.5081997774848822 0.6333268475963322
466 0.146064785168 False 0.5081997774848822 0.6333268475963322
467 5.95774852461e-05 False 0.5081997774848822 0.6333268475963322
468 0.023024785424 False 0.5081997774848822 0.6333268475963322
469 0.0216828167828 False 0.5081997774848822 0.6333268475963322
470 4.39598970876e-06 False 0.5081997774848822 0.6333268475963322
471 0.0251312928802 False 0.5081997774848822 0.6333268475963322
472 0.561567272784 False 0.5081997774848822 0.6333268475963322
473 2.54559336902e-08 False 0.5081997774848822 0.6333268475963322
474 0.965575347129 True 0.4744802829010231 0.6053050626416219
475 1.29132483458 True 0.4889848481326872 0.573954174776536
476 0.0487924736415 False 0.4889848481326872 0.573954174776536
477 0.392314488661 False 0.4889848481326872 0.573954174776536
478 1.08410159817e-10 False 0.4889848481326872 0.573954174776536
479 0.265460650486 False 0.4889848481326872 0.573954174776536
480 0.000249372172366 False 0.4889848481326872 0.573954174776536
481 4.68209486913e-09 False 0.4889848481326872 0.573954174776536
482 0.115833880887 False 0.4889848481326872 0.573954174776536
483 0.043901804841 False 0.4889848481326872 0.573954174776536
484 0.295203067283 True 0.4607309501089216 0.5936272182913177
485 2.48743926001 True 0.5133094336398436 0.6294336582028708
486 0.836162281942 True 0.523046449786258 0.6109001581848378
487 0.422060912892 True 0.45951289792019473 0.5908759023308773
488 0.0339977177811 False 0.45951289792019473 0.5908759023308773
489 0.130425472368 False 0.45951289792019473 0.5908759023308773
490 0.000851547570905 False 0.45951289792019473 0.5908759023308773
491 1.75703730727 True 0.47769160619898265 0.5579479657161981
492 1.49483588465 True 0.5135684648451213 0.559596264649517
493 5.07599771589e-07 False 0.5135684648451213 0.559596264649517
494 1.08466547223 True 0.5165624833995924 0.5686975631215798
495 0.0838378448699 False 0.5165624833995924 0.5686975631215798
496 0.0197337810063 False 0.5165624833995924 0.5686975631215798
497 1.17907450986 True 0.5120798149428784 0.5696716321610863
498 6.99832981102e-11 False 0.5120798149428784 0.5696716321610863
499 0.0581591562806 False 0.5120798149428784 0.5696716321610863
500 0.00196028292727 False 0.5120798149428784 0.5696716321610863
501 0.032140322284 False 0.5120798149428784 0.5696716321610863
502 4.65755938704e-05 False 0.5120798149428784 0.5696716321610863
503 0.00135563707934 False 0.5120798149428784 0.5696716321610863
504 0.00480091347282 False 0.5120798149428784 0.5696716321610863
505 0.88277700658 True 0.515685109992563 0.5691450623979338
506 8.68804718885e-08 False 0.515685109992563 0.5691450623979338
507 1.115958126 True 0.5178617568201682 0.6029232082257355
508 0.00988460795378 False 0.5178617568201682 0.6029232082257355
509 0.94525370091 True 0.5192887917123249 0.5889991718039153
510 0.872865979211 False 0.5192887917123249 0.5889991718039153
511 0.931036562036 True 0.5098637186400444 0.6337481006712892
512 0.375905360829 False 0.5098637186400444 0.6337481006712892
513 1.39623875091 True 0.4823305989035373 0.5952922784627968
514 0.0220593180555 False 0.4823305989035373 0.5952922784627968
515 1.19420185216 True 0.4883678127689279 0.599251363084878
516 0.000544053792926 False 0.4883678127689279 0.599251363084878
517 0.0627529012038 False 0.4883678127689279 0.599251363084878
518 1.04919011279 True 0.5013978817104215 0.5895091854169956
519 0.102891835097 False 0.5013978817104215 0.5895091854169956
520 0.0197128692497 False 0.5013978817104215 0.5895091854169956
521 0.0661240828643 False 0.5013978817104215 0.5895091854169956
522 0.51759361361 True 0.4722564156726359 0.6004227655241761
523 1.41140304761 True 0.5138958668549233 0.6098948482659318
524 1.24740292387 True 0.49564609711958885 0.6205277198643542
525 0.000135691330487 False 0.49564609711958885 0.6205277198643542
526 0.294525879089 False 0.49564609711958885 0.6205277198643542
527 0.000506245163308 False 0.49564609711958885 0.6205277198643542
528 0.000465486337471 False 0.49564609711958885 0.6205277198643542
529 2.27662556266e-09 False 0.49564609711958885 0.6205277198643542
530 0.0086694067303 False 0.49564609711958885 0.6205277198643542
531 0.0132956303227 False 0.49564609711958885 0.6205277198643542
532 0.0714664621648 False 0.49564609711958885 0.6205277198643542
533 1.11501393606 True 0.5021730894960281 0.5950437522560711
534 0.0241886244329 False 0.5021730894960281 0.5950437522560711
535 0.249441268571 False 0.5021730894960281 0.5950437522560711
536 0.210328054021 False 0.5021730894960281 0.5950437522560711
537 0.180112265356 True 0.4598067526420908 0.5837518476375367
538 3.7476107975 True 0.4792912345068278 0.5900419656398769
539 0.0157879005917 False 0.4792912345068278 0.5900419656398769
540 0.0209181343048 False 0.4792912345068278 0.5900419656398769
541 0.0033424817998 False 0.4792912345068278 0.5900419656398769
542 0.140959904013 False 0.4792912345068278 0.5900419656398769
543 0.270984466312 False 0.4792912345068278 0.5900419656398769
544 0.413419788995 False 0.4792912345068278 0.5900419656398769
545 0.00169309348461 False 0.4792912345068278 0.5900419656398769
546 0.0805930083069 False 0.4792912345068278 0.5900419656398769
547 0.0130567203465 False 0.4792912345068278 0.5900419656398769
548 0.174589900648 False 0.4792912345068278 0.5900419656398769
549 0.00325390678495 False 0.4792912345068278 0.5900419656398769
550 0.0365226044542 False 0.4792912345068278 0.5900419656398769
551 3.78365204524e-14 False 0.4792912345068278 0.5900419656398769
552 0.0072731022375 False 0.4792912345068278 0.5900419656398769
553 0.00191915382123 False 0.4792912345068278 0.5900419656398769
554 3.88302363238e-06 False 0.4792912345068278 0.5900419656398769
555 0.106994670435 True 0.44977762230630175 0.6334682561452163
556 0.40353079428 True 0.4443518719906927 0.6504098878954235
557 1.25076572299e-05 False 0.4443518719906927 0.6504098878954235
558 0.000290754998824 False 0.4443518719906927 0.6504098878954235
559 0.685645405132 True 0.47415047778622316 0.707358359547378
560 4.43294225943e-07 False 0.47415047778622316 0.707358359547378
561 0.035551969665 False 0.47415047778622316 0.707358359547378
562 0.0129437578653 False 0.47415047778622316 0.707358359547378
563 0.00256230143945 False 0.47415047778622316 0.707358359547378
564 0.212505142752 True 0.4570323759129044 0.716544695991505
565 15.7717789564 True 0.5321466662591484 0.6583286804474231
566 0.640789514161 True 0.5242411293886023 0.6801182091214192
567 1.16107856849 True 0.44684978396674746 0.6376928841202661
568 15.2223659814 True 0.4948534936227197 0.5697208425403311
569 0.601691830043 False 0.4948534936227197 0.5697208425403311
570 1.23622222298 True 0.5065708883551842 0.5952239888271288
571 0.378595046921 False 0.5065708883551842 0.5952239888271288
572 0.0647288031987 True 0.5475329243341294 0.604600254640115
573 0.0129985711396 False 0.5475329243341294 0.604600254640115
574 7.12454435222 True 0.5159380067662214 0.6347398314120024
575 0.220227803546 True 0.472272363337252 0.6780586041618865
576 0.0527133727542 False 0.472272363337252 0.6780586041618865
577 0.00639300475083 False 0.472272363337252 0.6780586041618865
578 0.000291347778183 False 0.472272363337252 0.6780586041618865
579 0.00954074309983 False 0.472272363337252 0.6780586041618865
580 0.000289653533267 False 0.472272363337252 0.6780586041618865
581 0.00243429249096 False 0.472272363337252 0.6780586041618865
582 0.0373869718203 False 0.472272363337252 0.6780586041618865
583 1.64915540997 True 0.4864910153432611 0.676152972056565
584 0.00680578559083 False 0.4864910153432611 0.676152972056565
585 0.268865337199 True 0.47060828445739444 0.6925543902841532
586 2.08642514144 True 0.4592286893152613 0.6602085464365517
587 0.0290568970473 False 0.4592286893152613 0.6602085464365517
588 0.00343205880439 False 0.4592286893152613 0.6602085464365517
589 0.0630839464266 False 0.4592286893152613 0.6602085464365517
590 0.239239775923 True 0.4395106154215977 0.5870149460750475
591 18.6484642293 True 0.473194606175706 0.6367381235513098
592 0.107992736729 False 0.473194606175706 0.6367381235513098
593 5.42302727556e-06 False 0.473194606175706 0.6367381235513098
594 0.012778533031 False 0.473194606175706 0.6367381235513098
595 0.0666546406876 False 0.473194606175706 0.6367381235513098
596 2.26567866685 True 0.505519116286091 0.6129541002667184
597 0.540069023862 True 0.47131529963967117 0.5993492766848987
598 1.19628896225 True 0.4779990734898856 0.6269436464088113
599 0.0307188538669 False 0.4779990734898856 0.6269436464088113
600 0.0329887213012 False 0.4779990734898856 0.6269436464088113
601 1.34115364844 True 0.4946424534916861 0.570729880233779
602 0.0814046007357 False 0.4946424534916861 0.570729880233779
603 0.00280876166899 False 0.4946424534916861 0.570729880233779
604 0.0477647584999 False 0.4946424534916861 0.570729880233779
605 0.644279788735 False 0.4946424534916861 0.570729880233779
606 0.328153250899 False 0.4946424534916861 0.570729880233779
607 0.0279211846604 False 0.4946424534916861 0.570729880233779
608 0.00519020062118 False 0.4946424534916861 0.570729880233779
609 0.640401445269 True 0.48377602844604256 0.6434576034115733
610 0.00844653817508 False 0.48377602844604256 0.6434576034115733
611 0.809153403333 True 0.46986519881715394 0.5872108902898379
612 0.0868674916595 False 0.46986519881715394 0.5872108902898379
613 0.00864940259714 False 0.46986519881715394 0.5872108902898379
614 0.0300676592442 True 0.4415080832088311 0.5557645497026176
615 6.00464230651 True 0.503256237171409 0.6889342742255016
616 0.105095373601 False 0.503256237171409 0.6889342742255016
617 4.28987122515e-06 False 0.503256237171409 0.6889342742255016
618 0.478569255243 True 0.5112417133348911 0.6964208988261006
619 0.00507769021475 False 0.5112417133348911 0.6964208988261006
620 1.31233466222e-09 False 0.5112417133348911 0.6964208988261006
621 1.22664232733 True 0.5211576108019228 0.6840705890790718
622 0.245018863169 False 0.5211576108019228 0.6840705890790718
623 7.13968104304 True 0.5098523904690953 0.6543400684233971
624 1.204679626 True 0.49816629225893894 0.6564929148278261
625 6.94650849662e-07 False 0.49816629225893894 0.6564929148278261
626 0.00188780665267 False 0.49816629225893894 0.6564929148278261
627 1.0427320125 True 0.47537976557619605 0.5666164022345045
628 1.2279835964 True 0.4726562258689409 0.5861298420727272
629 0.0130656593697 False 0.4726562258689409 0.5861298420727272
630 0.962600708656 True 0.5244299532085019 0.6035294540400669
631 0.00715633981157 False 0.5244299532085019 0.6035294540400669
632 0.0103921550814 True 0.5426845611440875 0.6887972938986374
633 0.90715711893 True 0.5243498548893707 0.71489214901558
634 3.34320081735 True 0.46603407347084974 0.7070137576218798
635 0.00324188173571 False 0.46603407347084974 0.7070137576218798
636 0.0665144657912 False 0.46603407347084974 0.7070137576218798
637 0.000180076811339 False 0.46603407347084974 0.7070137576218798
638 0.137969498644 False 0.46603407347084974 0.7070137576218798
639 0.633460422034 True 0.5055517780511054 0.7187779482883844
640 0.00131203526093 False 0.5055517780511054 0.7187779482883844
641 0.441556314807 False 0.5055517780511054 0.7187779482883844
642 0.183206578207 False 0.5055517780511054 0.7187779482883844
643 8.05020010724 True 0.5355414100341787 0.648851870097462
644 0.0687132698363 False 0.5355414100341787 0.648851870097462
645 5.18713054183e-06 False 0.5355414100341787 0.648851870097462
646 0.00364772945423 False 0.5355414100341787 0.648851870097462
647 9.50575182713 True 0.48876650160731894 0.6333962233599788
648 0.00468147802588 False 0.48876650160731894 0.6333962233599788
649 0.0572199399906 False 0.48876650160731894 0.6333962233599788
650 0.00225241536715 False 0.48876650160731894 0.6333962233599788
651 5.54015579375e-06 False 0.48876650160731894 0.6333962233599788
652 0.200761092515 False 0.48876650160731894 0.6333962233599788
653 0.399174933094 False 0.48876650160731894 0.6333962233599788
654 0.216842271624 False 0.48876650160731894 0.6333962233599788
655 1.48065447461e-07 False 0.48876650160731894 0.6333962233599788
656 1.19266076209 True 0.4968248250296591 0.6265275750306741
657 0.184823563858 False 0.4968248250296591 0.6265275750306741
658 0.986752512081 True 0.5117482534345346 0.5888481013330253
659 0.0217846381538 False 0.5117482534345346 0.5888481013330253
660 0.372832428742 False 0.5117482534345346 0.5888481013330253
661 0.115738099482 False 0.5117482534345346 0.5888481013330253
662 0.0342048086251 False 0.5117482534345346 0.5888481013330253
663 0.000778688319744 False 0.5117482534345346 0.5888481013330253
664 1.1095098091 True 0.494449936441442 0.5803088293823676
665 0.00245697420911 False 0.494449936441442 0.5803088293823676
666 0.000177391474987 False 0.494449936441442 0.5803088293823676
667 0.221245305098 True 0.4859217502181275 0.5337058438718316
668 0.023398405916 False 0.4859217502181275 0.5337058438718316
669 0.0268013273855 False 0.4859217502181275 0.5337058438718316
670 0.123692703994 False 0.4859217502181275 0.5337058438718316
671 0.0557408116355 False 0.4859217502181275 0.5337058438718316
672 0.0402573315564 False 0.4859217502181275 0.5337058438718316
673 0.449072589513 False 0.4859217502181275 0.5337058438718316
674 1.87986146522 True 0.5141168679840956 0.5486528453660442
675 1.84748582609 True 0.4811304951490565 0.5848302245709218
676 0.308439293992 False 0.4811304951490565 0.5848302245709218
677 1.28090506233 True 0.505351186483112 0.6142283048956709
678 0.478365644906 True 0.4821387262789869 0.5585555781680364
679 0.0549431837731 False 0.4821387262789869 0.5585555781680364
680 0.00573976828225 False 0.4821387262789869 0.5585555781680364
681 0.00156099907292 False 0.4821387262789869 0.5585555781680364
682 1.41408577481 True 0.5053953473678898 0.6364512844934642
683 0.438972252712 False 0.5053953473678898 0.6364512844934642
684 0.916690300409 True 0.5196579081030691 0.5776146841092679
685 1.67031246335 True 0.4870423670597208 0.6021895076081895
686 0.251401833643 True 0.5056173678828185 0.6646475417472281
687 0.00236555238959 False 0.5056173678828185 0.6646475417472281
688 0.536263800751 False 0.5056173678828185 0.6646475417472281
689 0.0161349938682 False 0.5056173678828185 0.6646475417472281
690 2.42405577835 True 0.5210388661915759 0.5982904490765627
691 0.0522764104886 False 0.5210388661915759 0.5982904490765627
692 0.136175332991 False 0.5210388661915759 0.5982904490765627
693 1.2398444303 True 0.4786166383922811 0.5982000288045797
694 0.0305806400752 False 0.4786166383922811 0.5982000288045797
695 0.113399242618 False 0.4786166383922811 0.5982000288045797
696 0.0899278810458 False 0.4786166383922811 0.5982000288045797
697 0.381158501674 False 0.4786166383922811 0.5982000288045797
698 0.372804444559 True 0.46864582885341866 0.5675431538710283
699 3.26071165178 True 0.5024420167165771 0.5750035995899014
700 0.274487466259 False 0.5024420167165771 0.5750035995899014
701 0.0438406530661 False 0.5024420167165771 0.5750035995899014
702 1.00892567735 True 0.5028986930896744 0.5758585808982266
703 0.108394872325 False 0.5028986930896744 0.5758585808982266
704 0.920121092355 True 0.49806263118563104 0.6290100441299727
705 0.606210027322 False 0.49806263118563104 0.6290100441299727
706 0.0524997147322 False 0.49806263118563104 0.6290100441299727
707 0.149351409688 False 0.49806263118563104 0.6290100441299727
708 0.958698539733 True 0.5084429049733786 0.6214280014496124
709 0.0100359572566 False 0.5084429049733786 0.6214280014496124
710 0.0137657713634 False 0.5084429049733786 0.6214280014496124
711 0.450339906849 False 0.5084429049733786 0.6214280014496124
712 4.59154929854e-08 False 0.5084429049733786 0.6214280014496124
713 0.0504740009713 False 0.5084429049733786 0.6214280014496124
714 0.510908609737 False 0.5084429049733786 0.6214280014496124
715 0.0524991393852 False 0.5084429049733786 0.6214280014496124
716 0.0513058104822 True 0.5515019936370981 0.6044051892590807
717 7.31417897184 True 0.5259165120084865 0.6291774363882009
718 1.33977752374e-05 False 0.5259165120084865 0.6291774363882009
719 0.000106553843379 False 0.5259165120084865 0.6291774363882009
720 0.402419975801 True 0.5214816380122546 0.6645152288989334
721 0.718317637644 False 0.5214816380122546 0.6645152288989334
722 0.000242290210555 False 0.5214816380122546 0.6645152288989334
723 2.79222295655 True 0.4688081859633867 0.636085462726016
724 3.89116790408e-06 False 0.4688081859633867 0.636085462726016
725 1.62192244172 True 0.4724911668205044 0.5978082085392326
726 0.0621872078123 False 0.4724911668205044 0.5978082085392326
727 1.57691511359 True 0.5070322057146482 0.5762091217205775
728 0.580342504782 True 0.5109069723611873 0.6396145641284674
729 0.000226038273164 False 0.5109069723611873 0.6396145641284674
730 0.19483779044 False 0.5109069723611873 0.6396145641284674
731 0.492553507549 True 0.4675095486892613 0.6466571893918565
732 0.00288581183858 False 0.4675095486892613 0.6466571893918565
733 0.032454407272 False 0.4675095486892613 0.6466571893918565
734 5.47997866498e-06 False 0.4675095486892613 0.6466571893918565
735 2.65153199892 True 0.5087269045564669 0.6317192134085112
736 0.869280173881 True 0.49762761717019355 0.6451540829137622
737 0.963952723882 True 0.48589899754169874 0.6438897786465936
738 0.0849829151816 False 0.48589899754169874 0.6438897786465936
739 0.13306665532 False 0.48589899754169874 0.6438897786465936
740 0.966515104868 True 0.5205410749039174 0.5727673027620762
741 1.01498884583 True 0.5160150901900308 0.5627528202367327
742 0.0118069743607 False 0.5160150901900308 0.5627528202367327
743 0.841362515383 True 0.5181838413805706 0.6312216834132218
744 1.61317959638e-06 False 0.5181838413805706 0.6312216834132218
745 1.73774129582 True 0.49119843928712215 0.6314874698751509
746 0.0386721865829 False 0.49119843928712215 0.6314874698751509
747 1.12422462663 True 0.4908027001444801 0.5779208789881214
748 0.227377172346 True 0.4607315775396803 0.6346171254081083
749 4.64804559348 True 0.4858188732999199 0.6096885036626237
750 0.41029434273 False 0.4858188732999199 0.6096885036626237
751 0.00161777913256 False 0.4858188732999199 0.6096885036626237
752 0.84187449856 True 0.4831459454454398 0.5840414078575871
753 0.917801681417 True 0.49780133533280085 0.5631534824216032
754 0.00073538924353 False 0.49780133533280085 0.5631534824216032
755 0.000784706397657 False 0.49780133533280085 0.5631534824216032
756 0.638857352619 False 0.49780133533280085 0.5631534824216032
757 0.000396924203915 False 0.49780133533280085 0.5631534824216032
758 0.377885268715 False 0.49780133533280085 0.5631534824216032
759 0.33989927313 False 0.49780133533280085 0.5631534824216032
760 0.0467768985705 False 0.49780133533280085 0.5631534824216032
761 0.0223244491536 False 0.49780133533280085 0.5631534824216032
762 0.0134573722003 False 0.49780133533280085 0.5631534824216032
763 1.40419325375 True 0.4887051259406545 0.6007543194395478
764 0.219901356106 False 0.4887051259406545 0.6007543194395478
765 0.147845450457 False 0.4887051259406545 0.6007543194395478
766 0.565840398335 False 0.4887051259406545 0.6007543194395478
767 0.486224939085 False 0.4887051259406545 0.6007543194395478
768 0.00686490795064 False 0.4887051259406545 0.6007543194395478
769 0.424175191379 False 0.4887051259406545 0.6007543194395478
770 0.163986994864 True 0.4558954980020302 0.6069434242806391
771 2.98759875815 True 0.4718265843178019 0.6211819598944858
772 0.327216492067 True 0.5132397130114255 0.6677848668154821
773 0.890353427166 True 0.4559351192020474 0.6303368494756338
774 0.0114727655024 False 0.4559351192020474 0.6303368494756338
775 8.28268051576e-11 False 0.4559351192020474 0.6303368494756338
776 0.439212591998 True 0.5340748989400073 0.6572090933555299
777 0.0253263569628 False 0.5340748989400073 0.6572090933555299
778 0.196079572998 False 0.5340748989400073 0.6572090933555299
779 0.000223527463043 False 0.5340748989400073 0.6572090933555299
780 0.000470502069777 False 0.5340748989400073 0.6572090933555299
781 1.73088739134 True 0.526010332154841 0.6596761850804846
782 2.14816191016 True 0.46948244223807056 0.6523091993507154
783 1.27842220472 True 0.5300308092463555 0.6126632105138117
784 0.0269430961373 False 0.5300308092463555 0.6126632105138117
785 2.38004062079 True 0.5096769680026106 0.5681069866379165
786 0.0211730577612 False 0.5096769680026106 0.5681069866379165
787 0.525051771152 False 0.5096769680026106 0.5681069866379165
788 1.0260467832 True 0.4866708146913052 0.5727764358551055
789 0.0354028316911 False 0.4866708146913052 0.5727764358551055
790 0.000202502219929 False 0.4866708146913052 0.5727764358551055
791 0.220018057567 False 0.4866708146913052 0.5727764358551055
792 0.0111189063874 False 0.4866708146913052 0.5727764358551055
793 0.891952435676 True 0.48378267132749664 0.5715185712462294
794 1.05149001214 True 0.47757923723959034 0.6144408837862415
795 1.46997167995 True 0.49750135944457186 0.5837346429132985
796 7.5962363729e-08 False 0.49750135944457186 0.5837346429132985
797 1.86471696269e-05 False 0.49750135944457186 0.5837346429132985
798 0.328010339277 True 0.49790024253762327 0.6607473559037409
799 3.0674612485 True 0.4992254340440485 0.614186269897053
800 0.0510416073751 False 0.4992254340440485 0.614186269897053
801 0.00628010095899 False 0.4992254340440485 0.614186269897053
802 0.0085018905408 False 0.4992254340440485 0.614186269897053
803 0.178679043806 False 0.4992254340440485 0.614186269897053
804 0.700168356206 True 0.48478967342602813 0.6308289061898915
805 0.0254375804333 False 0.48478967342602813 0.6308289061898915
806 0.000280734928476 False 0.48478967342602813 0.6308289061898915
807 0.0354315505595 False 0.48478967342602813 0.6308289061898915
808 0.000479765686581 False 0.48478967342602813 0.6308289061898915
809 0.0281401916016 False 0.48478967342602813 0.6308289061898915
810 1.51974906601 True 0.49487626011895636 0.6042946150073926
811 0.360285360102 True 0.48542521383409365 0.654749824043559
812 0.0288175582689 False 0.48542521383409365 0.654749824043559
813 0.0646906617474 False 0.48542521383409365 0.654749824043559
814 0.0802589440528 False 0.48542521383409365 0.654749824043559
815 1.40978324557e-06 False 0.48542521383409365 0.654749824043559
816 4.2653426704e-07 False 0.48542521383409365 0.654749824043559
817 0.0896930371133 False 0.48542521383409365 0.654749824043559
818 0.00103576173792 False 0.48542521383409365 0.654749824043559
819 0.0180571490307 False 0.48542521383409365 0.654749824043559
820 0.521025873691 True 0.46015458717584246 0.5855819905530996
821 0.162543958827 False 0.46015458717584246 0.5855819905530996
822 1.3487175027 True 0.5290668517528841 0.5621940566105501
823 0.0837067353254 False 0.5290668517528841 0.5621940566105501
824 0.199847216238 False 0.5290668517528841 0.5621940566105501
825 8.48036607418e-09 False 0.5290668517528841 0.5621940566105501
826 1.60892302152 True 0.5163227495620818 0.554958848054261
827 1.21444059631 True 0.518900444291275 0.5689442524479601
828 0.0475373399197 False 0.518900444291275 0.5689442524479601
829 1.46901091958 True 0.4943871073763269 0.632086671748906
830 3.16420542552e-05 False 0.4943871073763269 0.632086671748906
831 0.00294623845217 False 0.4943871073763269 0.632086671748906
832 0.0342864672426 False 0.4943871073763269 0.632086671748906
833 0.012717715204 False 0.4943871073763269 0.632086671748906
834 1.32297384878 True 0.5041961900295714 0.5955432768492831
835 0.0978026673092 False 0.5041961900295714 0.5955432768492831
836 0.0110674652303 False 0.5041961900295714 0.5955432768492831
837 0.181024852684 True 0.5095571084943847 0.5260819690876722
838 1.0783754365 True 0.49235343998895525 0.528761105184486
839 0.166227585329 False 0.49235343998895525 0.528761105184486
840 0.132816707346 False 0.49235343998895525 0.528761105184486
841 2.85464837023e-05 False 0.49235343998895525 0.528761105184486
842 0.00192095593848 False 0.49235343998895525 0.528761105184486
843 4.62527404164 True 0.4948717568500432 0.6216794196702886
844 0.940521014514 True 0.5029017293839361 0.6223478322915017
845 0.309533200955 True 0.5324054256924926 0.6043290196373892
846 0.192604589078 False 0.5324054256924926 0.6043290196373892
847 3.01011643553 True 0.4888517169867185 0.6269556591680886
848 0.00130190522736 False 0.4888517169867185 0.6269556591680886
849 0.677560445165 False 0.4888517169867185 0.6269556591680886
850 0.634450070319 True 0.5003317204317658 0.5511100487307277
851 0.186549645243 True 0.489654482292053 0.5155585474912484
852 0.106911239194 False 0.489654482292053 0.5155585474912484
853 0.00108788173531 False 0.489654482292053 0.5155585474912484
854 4.00647436653 True 0.4764413432426468 0.5629680592307558
855 1.64050475856 True 0.48195755962356096 0.573865337560018
856 0.0211778868156 False 0.48195755962356096 0.573865337560018
857 0.294123167791 True 0.4654817631186823 0.6517785769177065
858 0.0204001135067 False 0.4654817631186823 0.6517785769177065
859 1.20237039584 True 0.5247289599836922 0.6423191804512886
860 0.946955248972 True 0.5211729987330516 0.6506574191941777
861 0.00175252148004 False 0.5211729987330516 0.6506574191941777
862 9.80317554319e-07 False 0.5211729987330516 0.6506574191941777
863 0.0742972515307 False 0.5211729987330516 0.6506574191941777
864 0.456900674487 False 0.5211729987330516 0.6506574191941777
865 0.501354552526 False 0.5211729987330516 0.6506574191941777
866 1.94005075932 True 0.46902558930198207 0.6223239689566283
867 0.523751129198 False 0.46902558930198207 0.6223239689566283
868 0.0538519682961 False 0.46902558930198207 0.6223239689566283
869 0.988382832597 True 0.5246776682997492 0.5704521508230481
870 1.77017648957 True 0.4797276765433168 0.5894113231492987
871 0.018401188603 False 0.4797276765433168 0.5894113231492987
872 0.139984622929 False 0.4797276765433168 0.5894113231492987
873 0.89589512591 True 0.48775634707858645 0.6379628807075123
874 0.086124812845 False 0.48775634707858645 0.6379628807075123
875 5.60105722198e-05 False 0.48775634707858645 0.6379628807075123
876 0.0599166315636 False 0.48775634707858645 0.6379628807075123
877 0.0873825458699 False 0.48775634707858645 0.6379628807075123
878 0.0206381925856 False 0.48775634707858645 0.6379628807075123
879 0.175791585384 False 0.48775634707858645 0.6379628807075123
880 1.35996270334 True 0.4966554164236097 0.5741360745833594
881 0.00591563581483 False 0.4966554164236097 0.5741360745833594
882 0.0011879075826 False 0.4966554164236097 0.5741360745833594
883 0.084278241225 False 0.4966554164236097 0.5741360745833594
884 0.0414961734518 False 0.4966554164236097 0.5741360745833594
885 0.502075555458 False 0.4966554164236097 0.5741360745833594
886 8.33362340703e-13 False 0.4966554164236097 0.5741360745833594
887 1.18857919646e-05 False 0.4966554164236097 0.5741360745833594
888 0.029540852272 True 0.5251345406116944 0.49811787344511227
889 0.0235568162763 False 0.5251345406116944 0.49811787344511227
890 0.00130658200781 False 0.5251345406116944 0.49811787344511227
891 5.91115668945 True 0.5073815644414271 0.5212863091504079
892 3.58679675399 True 0.5075248885390411 0.5551621102466937
893 0.911196542 True 0.4943059640778542 0.551524147926477
894 0.017623550882 False 0.4943059640778542 0.551524147926477
895 0.267450020214 False 0.4943059640778542 0.551524147926477
896 5.3207380339e-06 False 0.4943059640778542 0.551524147926477
897 0.095811717414 False 0.4943059640778542 0.551524147926477
898 0.00612428369098 False 0.4943059640778542 0.551524147926477
899 0.00664269549957 False 0.4943059640778542 0.551524147926477
900 0.160780872687 False 0.4943059640778542 0.551524147926477
901 0.0224137663235 False 0.4943059640778542 0.551524147926477
902 1.58378915951 True 0.49667727822727803 0.5685703107682699
903 0.00234295719279 False 0.49667727822727803 0.5685703107682699
904 0.0614336550185 False 0.49667727822727803 0.5685703107682699
905 1.28512928053 True 0.5042469285472612 0.6040299952008643
906 0.0328884350536 False 0.5042469285472612 0.6040299952008643
907 3.13645681394e-06 False 0.5042469285472612 0.6040299952008643
908 0.0413548530085 False 0.5042469285472612 0.6040299952008643
909 0.023997336559 False 0.5042469285472612 0.6040299952008643
910 4.71299229655e-05 False 0.5042469285472612 0.6040299952008643
911 0.043658860272 False 0.5042469285472612 0.6040299952008643
912 0.001250008392 False 0.5042469285472612 0.6040299952008643
913 3.55476587731e-09 False 0.5042469285472612 0.6040299952008643
914 0.0189879130155 False 0.5042469285472612 0.6040299952008643
915 0.341022765291 False 0.5042469285472612 0.6040299952008643
916 0.999031094344 True 0.4933170960242408 0.6123261985905238
917 0.0778725299062 False 0.4933170960242408 0.6123261985905238
918 0.193196853418 True 0.4581129104502776 0.6023366867674109
919 0.779959110794 True 0.5351838552412751 0.5557935428720382
920 0.00819198599174 False 0.5351838552412751 0.5557935428720382
921 2.13351051687 True 0.48928034631545336 0.5421624908594652
922 1.62595820977 True 0.4930314489828349 0.6471536023555384
923 4.07523825635e-06 False 0.4930314489828349 0.6471536023555384
924 0.0810187855409 False 0.4930314489828349 0.6471536023555384
925 0.839750495429 True 0.5223339163593401 0.6195488346077105
926 0.938934490859 True 0.49797260196003185 0.5450154050418887
927 7.13482497161e-08 False 0.49797260196003185 0.5450154050418887
928 0.000246431361194 False 0.49797260196003185 0.5450154050418887
929 0.0181847830975 False 0.49797260196003185 0.5450154050418887
930 0.0145346554943 False 0.49797260196003185 0.5450154050418887
931 0.0769530886902 False 0.49797260196003185 0.5450154050418887
932 0.737948316027 True 0.4682030071874822 0.6377917958900712
933 9.22821335167e-07 False 0.4682030071874822 0.6377917958900712
934 2.44027158998 True 0.48056958188101645 0.6158511048654911
935 0.987916017092 True 0.4792851948005507 0.5977617154244553
936 0.0313701612953 False 0.4792851948005507 0.5977617154244553
937 0.158745124626 False 0.4792851948005507 0.5977617154244553
938 0.400141855026 True 0.510284872893058 0.5377954236476694
939 1.43869501889 True 0.47822890307672167 0.5636440748822981
940 0.0214639161532 False 0.47822890307672167 0.5636440748822981
941 0.179827196136 False 0.47822890307672167 0.5636440748822981
942 0.0261342296195 False 0.47822890307672167 0.5636440748822981
943 0.0468839870542 True 0.4371287224634732 0.6157708277077605
944 10.5079111621 True 0.4695406677444808 0.6554482333522421
945 0.000138305437252 False 0.4695406677444808 0.6554482333522421
946 1.68703949516 True 0.521549340368221 0.6327330103602743
947 1.75583417641 True 0.4908197517299675 0.6407031390442207
948 0.000443123022848 False 0.4908197517299675 0.6407031390442207
949 1.26788503299e-05 False 0.4908197517299675 0.6407031390442207
950 0.797202768848 True 0.4725408858941559 0.6225236828495437
951 0.62489022043 False 0.4725408858941559 0.6225236828495437
952 1.04908425314 True 0.4737595948832604 0.6237243174806415
953 0.0154743061826 False 0.4737595948832604 0.6237243174806415
954 0.0871626689485 False 0.4737595948832604 0.6237243174806415
955 0.00258062360871 False 0.4737595948832604 0.6237243174806415
956 3.31306783838e-05 False 0.4737595948832604 0.6237243174806415
957 0.0175766857816 False 0.4737595948832604 0.6237243174806415
958 1.28796330355 True 0.4776108430611404 0.6156170579312197
959 8.05752678533e-07 False 0.4776108430611404 0.6156170579312197
960 0.000563293522702 False 0.4776108430611404 0.6156170579312197
961 0.881381542239 True 0.517653053358428 0.5731941145501859
962 0.0977429845521 False 0.517653053358428 0.5731941145501859
963 0.471997192835 False 0.517653053358428 0.5731941145501859
964 0.535577604889 True 0.47754717260394774 0.5544420779001357
965 1.01449137051 True 0.5128431075530591 0.6507056218637101
966 0.0268585638195 False 0.5128431075530591 0.6507056218637101
967 6.19626079562e-10 False 0.5128431075530591 0.6507056218637101
968 0.621220549613 True 0.49169758962061344 0.6728400758680649
969 3.69852652149 True 0.4789845940784601 0.6003807445431248
970 1.13355945505 True 0.503660750790694 0.6238757227996435
971 0.768604629135 True 0.5072607580334004 0.6332547593818694
972 0.0698589919383 False 0.5072607580334004 0.6332547593818694
973 1.31067587572e-05 False 0.5072607580334004 0.6332547593818694
974 0.77679454997 True 0.4915147313317645 0.6487980664062469
975 0.000885232566002 False 0.4915147313317645 0.6487980664062469
976 0.016878369198 False 0.4915147313317645 0.6487980664062469
977 0.0380785856824 False 0.4915147313317645 0.6487980664062469
978 0.000120726417939 False 0.4915147313317645 0.6487980664062469
979 0.0012938585823 False 0.4915147313317645 0.6487980664062469
980 1.86266745651 True 0.4967652718132529 0.5784863604458602
981 0.0413071535105 False 0.4967652718132529 0.5784863604458602
982 0.205883081377 False 0.4967652718132529 0.5784863604458602
983 0.259061657496 False 0.4967652718132529 0.5784863604458602
984 0.108011634707 False 0.4967652718132529 0.5784863604458602
985 0.00453026089705 False 0.4967652718132529 0.5784863604458602
986 0.011084186691 False 0.4967652718132529 0.5784863604458602
987 0.931577909939 True 0.49858403019937536 0.5734343375148311
988 0.00980069879586 False 0.49858403019937536 0.5734343375148311
989 0.117764180706 False 0.49858403019937536 0.5734343375148311
990 7.75297850578e-05 False 0.49858403019937536 0.5734343375148311
991 0.418422249115 False 0.49858403019937536 0.5734343375148311
992 0.936713205399 True 0.5074733333642982 0.5741564794267744
993 0.0387724998296 False 0.5074733333642982 0.5741564794267744
994 0.111074435798 False 0.5074733333642982 0.5741564794267744
995 6.49053612399e-05 False 0.5074733333642982 0.5741564794267744
996 0.000156333217773 False 0.5074733333642982 0.5741564794267744
997 0.00362029738601 False 0.5074733333642982 0.5741564794267744
998 9.74086977266e-06 False 0.5074733333642982 0.5741564794267744
999 0.00379480224999 False 0.5074733333642982 0.5741564794267744
