j ratio accept a b
0 300.645125583 True 0.29689709571287765 0.21131467107487234
1 15352.716962 True 0.29250639530049866 0.22958941861835386
2 96.9718087075 True 0.28857127206377203 0.24224341267772767
3 5.87823149073e-32 False 0.28857127206377203 0.24224341267772767
4 1.24487212953e-49 False 0.28857127206377203 0.24224341267772767
5 472636129.214 True 0.29173544079334296 0.2582941179527274
6 6.51034610384e-14 False 0.29173544079334296 0.2582941179527274
7 3.61556054144e-14 False 0.29173544079334296 0.2582941179527274
8 366177426262.0 True 0.28538093025557276 0.30462751826924794
9 15198.3097448 True 0.2777880731916378 0.3365562801615849
10 1.64888134741e-35 False 0.2777880731916378 0.3365562801615849
11 4.39297786302e+34 True 0.32938145946678205 0.32880536548750083
12 88009910856.9 True 0.30950807929480806 0.4214753767428855
13 98916721160.9 True 0.3220093163666352 0.4350425406437187
14 2.73442238944e-20 False 0.3220093163666352 0.4350425406437187
15 9.35886858193e-45 False 0.3220093163666352 0.4350425406437187
16 7.66226254359e+21 True 0.3567494710473335 0.44567910219549906
17 4.13288161906e-20 False 0.3567494710473335 0.44567910219549906
18 4.1623679355 True 0.3582624166243347 0.44484791896678705
19 1.41657874187e-09 False 0.3582624166243347 0.44484791896678705
20 8.22543969917e-13 False 0.3582624166243347 0.44484791896678705
21 812713.178746 True 0.3601120055977511 0.4746963061204673
22 46880690136.3 True 0.38529336584110685 0.4700920446317728
23 1.60643108807e-23 False 0.38529336584110685 0.4700920446317728
24 2.15751492822e+16 True 0.40757991587499376 0.5428022971690293
25 4.12739833379e-13 False 0.40757991587499376 0.5428022971690293
26 6.82132377144e-12 False 0.40757991587499376 0.5428022971690293
27 29.8262787503 True 0.41397343088614463 0.5364869939237827
28 2.59210900267e+12 True 0.46621303202640835 0.5639765117869692
29 0.000117667825653 False 0.46621303202640835 0.5639765117869692
30 1.64264356376 True 0.49366572017444194 0.5320579032895493
31 118.529917299 True 0.4947858198288576 0.5789137428357853
32 5.11438121304e-06 False 0.4947858198288576 0.5789137428357853
33 0.0438089444534 False 0.4947858198288576 0.5789137428357853
34 0.214329116107 False 0.4947858198288576 0.5789137428357853
35 8.28804808493e-08 False 0.4947858198288576 0.5789137428357853
36 9.1547547212e-05 False 0.4947858198288576 0.5789137428357853
37 0.0370911762747 False 0.4947858198288576 0.5789137428357853
38 1.72073556364e-06 False 0.4947858198288576 0.5789137428357853
39 1.06068711992 True 0.506978068287852 0.5866883375746137
40 8.80121811311e-11 False 0.506978068287852 0.5866883375746137
41 6.86776021119e-05 False 0.506978068287852 0.5866883375746137
42 2.40756554047e-08 False 0.506978068287852 0.5866883375746137
43 0.495867711277 False 0.506978068287852 0.5866883375746137
44 0.076264030281 False 0.506978068287852 0.5866883375746137
45 1.88588732096e-06 False 0.506978068287852 0.5866883375746137
46 0.883282551362 True 0.5093781412627043 0.6040574712872291
47 0.100840865634 False 0.5093781412627043 0.6040574712872291
48 1.29127825179e-05 False 0.5093781412627043 0.6040574712872291
49 0.000628199621904 False 0.5093781412627043 0.6040574712872291
50 0.000664568140429 False 0.5093781412627043 0.6040574712872291
51 6.12804256142e-07 False 0.5093781412627043 0.6040574712872291
52 0.00291215859877 False 0.5093781412627043 0.6040574712872291
53 0.0396160468741 False 0.5093781412627043 0.6040574712872291
54 0.136210685198 False 0.5093781412627043 0.6040574712872291
55 1.01617376661e-08 False 0.5093781412627043 0.6040574712872291
56 1.15388319382e-08 False 0.5093781412627043 0.6040574712872291
57 0.00888744113582 False 0.5093781412627043 0.6040574712872291
58 2.66456065173e-10 False 0.5093781412627043 0.6040574712872291
59 0.66296475465 True 0.4890884003979931 0.6273352406144315
60 5.31953817052e-15 False 0.4890884003979931 0.6273352406144315
61 8.6390743339e-05 False 0.4890884003979931 0.6273352406144315
62 0.0112760576489 False 0.4890884003979931 0.6273352406144315
63 5.46941211359e-05 False 0.4890884003979931 0.6273352406144315
64 0.157133834239 True 0.4711512136776534 0.6190976721815122
65 0.259514274258 True 0.530525658721101 0.5944221926200545
66 0.296750452115 False 0.530525658721101 0.5944221926200545
67 0.426742832152 True 0.5088791499707385 0.5332777474322105
68 0.0799474136074 False 0.5088791499707385 0.5332777474322105
69 22.3362718442 True 0.5098950708257936 0.5619517694561869
70 0.000453726083952 False 0.5098950708257936 0.5619517694561869
71 0.875817759806 True 0.5072101490151438 0.5582096754320522
72 3.59213273857 True 0.5042837238939232 0.5743229559467347
73 0.0784726672154 False 0.5042837238939232 0.5743229559467347
74 0.000930977405997 False 0.5042837238939232 0.5743229559467347
75 0.000138683835401 False 0.5042837238939232 0.5743229559467347
76 0.418688215008 False 0.5042837238939232 0.5743229559467347
77 0.283969582769 False 0.5042837238939232 0.5743229559467347
78 0.00272654945721 False 0.5042837238939232 0.5743229559467347
79 9.37002197826e-10 False 0.5042837238939232 0.5743229559467347
80 1.4240631816 True 0.49987033226516964 0.5793506714673777
81 0.0160879317671 False 0.49987033226516964 0.5793506714673777
82 9.92690131325e-06 False 0.49987033226516964 0.5793506714673777
83 0.236761761531 False 0.49987033226516964 0.5793506714673777
84 0.352559388757 False 0.49987033226516964 0.5793506714673777
85 1.2600914006e-05 False 0.49987033226516964 0.5793506714673777
86 0.994689245014 True 0.4950346486751001 0.5803333367920135
87 0.295634357044 True 0.5086845916238173 0.6297849752494638
88 0.00162373309153 False 0.5086845916238173 0.6297849752494638
89 0.212869920447 False 0.5086845916238173 0.6297849752494638
90 0.00164543611104 False 0.5086845916238173 0.6297849752494638
91 0.000325118593547 False 0.5086845916238173 0.6297849752494638
92 1.58722526965 True 0.5131007488466209 0.6118950375948768
93 2.27832062652 True 0.5054815114751368 0.5862312047429444
94 1.0567884797e-05 False 0.5054815114751368 0.5862312047429444
95 0.0085108228573 False 0.5054815114751368 0.5862312047429444
96 0.000975372494002 False 0.5054815114751368 0.5862312047429444
97 0.155876389093 True 0.47742686200243545 0.6294361754814869
98 1.67811174221e-07 False 0.47742686200243545 0.6294361754814869
99 0.00320776502262 False 0.47742686200243545 0.6294361754814869
100 0.0627232493181 False 0.47742686200243545 0.6294361754814869
101 2.92639010776 True 0.5061118129692501 0.569435820037049
102 0.00317285657842 False 0.5061118129692501 0.569435820037049
103 4.15108840309e-11 False 0.5061118129692501 0.569435820037049
104 0.33876601751 False 0.5061118129692501 0.569435820037049
105 0.0014064983673 False 0.5061118129692501 0.569435820037049
106 0.37702662842 True 0.5208048362210662 0.601714786580813
107 2.97155296249e-05 False 0.5208048362210662 0.601714786580813
108 0.000475075722133 False 0.5208048362210662 0.601714786580813
109 0.0295126379034 False 0.5208048362210662 0.601714786580813
110 5.95036919214 True 0.5073187310272035 0.5963373644013418
111 4.27780569853e-06 False 0.5073187310272035 0.5963373644013418
112 0.107699255501 False 0.5073187310272035 0.5963373644013418
113 0.0261183215137 False 0.5073187310272035 0.5963373644013418
114 0.338914005252 False 0.5073187310272035 0.5963373644013418
115 0.00955987898451 False 0.5073187310272035 0.5963373644013418
116 0.000573427534679 False 0.5073187310272035 0.5963373644013418
117 0.0103163823698 False 0.5073187310272035 0.5963373644013418
118 0.613287605707 True 0.5031836434236838 0.5726980489208995
119 1.97245313854e-06 False 0.5031836434236838 0.5726980489208995
120 5.76044622342e-05 False 0.5031836434236838 0.5726980489208995
121 2.33190486143 True 0.49623496386536614 0.6032309183545029
122 0.331712574612 True 0.5123344459372698 0.5807711948607887
123 1.12241019182e-05 False 0.5123344459372698 0.5807711948607887
124 0.0987877209523 False 0.5123344459372698 0.5807711948607887
125 0.0634658644022 False 0.5123344459372698 0.5807711948607887
126 0.0037519902155 False 0.5123344459372698 0.5807711948607887
127 0.709021517818 True 0.5042143792109478 0.6320140545855976
128 5.58402122671e-07 False 0.5042143792109478 0.6320140545855976
129 0.0153506672413 False 0.5042143792109478 0.6320140545855976
130 0.963017284376 True 0.517162930824819 0.5978894712123272
131 0.00387237509621 False 0.517162930824819 0.5978894712123272
132 0.331023445752 False 0.517162930824819 0.5978894712123272
133 0.889632803871 True 0.4859768246942023 0.6337597259171115
134 0.0284124366276 False 0.4859768246942023 0.6337597259171115
135 0.000572502527517 False 0.4859768246942023 0.6337597259171115
136 7.97395508589e-09 False 0.4859768246942023 0.6337597259171115
137 1.10509568576e-05 False 0.4859768246942023 0.6337597259171115
138 0.00152531248406 False 0.4859768246942023 0.6337597259171115
139 2.75412281607e-09 False 0.4859768246942023 0.6337597259171115
140 0.00455365661607 False 0.4859768246942023 0.6337597259171115
141 0.000133228534625 False 0.4859768246942023 0.6337597259171115
142 0.452699007571 False 0.4859768246942023 0.6337597259171115
143 0.331184734098 False 0.4859768246942023 0.6337597259171115
144 6.7075936566e-07 False 0.4859768246942023 0.6337597259171115
145 5.29601699495e-07 False 0.4859768246942023 0.6337597259171115
146 0.0326696271212 False 0.4859768246942023 0.6337597259171115
147 0.0154248799288 False 0.4859768246942023 0.6337597259171115
148 0.160427043275 False 0.4859768246942023 0.6337597259171115
149 2.72650179634 True 0.49598903054358834 0.6232767940368026
150 2.63645708824e-06 False 0.49598903054358834 0.6232767940368026
151 0.0402006563753 False 0.49598903054358834 0.6232767940368026
152 0.2633675684 False 0.49598903054358834 0.6232767940368026
153 1.0508301021e-08 False 0.49598903054358834 0.6232767940368026
154 0.000106248085135 False 0.49598903054358834 0.6232767940368026
155 0.0068423998267 False 0.49598903054358834 0.6232767940368026
156 0.0140240566956 False 0.49598903054358834 0.6232767940368026
157 2.82982989883e-13 False 0.49598903054358834 0.6232767940368026
158 1.37297042457 True 0.49509283360203876 0.6159442577598577
159 1.39243276862e-06 False 0.49509283360203876 0.6159442577598577
160 0.519577129643 False 0.49509283360203876 0.6159442577598577
161 9.1232743943e-06 False 0.49509283360203876 0.6159442577598577
162 4.18659701254e-07 False 0.49509283360203876 0.6159442577598577
163 0.0948872274285 False 0.49509283360203876 0.6159442577598577
164 0.323790827047 False 0.49509283360203876 0.6159442577598577
165 0.605563648477 True 0.48906687362650386 0.6233118815192533
166 0.326742498851 True 0.4810757454307828 0.6315091559726445
167 3.92148044138e-23 False 0.4810757454307828 0.6315091559726445
168 1.82032427062e-11 False 0.4810757454307828 0.6315091559726445
169 6.03858760636e-05 False 0.4810757454307828 0.6315091559726445
170 0.137870015724 False 0.4810757454307828 0.6315091559726445
171 0.00104626539025 False 0.4810757454307828 0.6315091559726445
172 0.0555601049485 True 0.47198239702375044 0.6508585560078435
173 3.85901375106e-08 False 0.47198239702375044 0.6508585560078435
174 71.2673709503 True 0.48564843317460643 0.5997404266305277
175 0.142533654223 True 0.5065777050366526 0.6415717211241451
176 0.027837899059 False 0.5065777050366526 0.6415717211241451
177 5.52144448552 True 0.4834844722362043 0.6082129451618248
178 2.43762380441e-10 False 0.4834844722362043 0.6082129451618248
179 0.312094125767 False 0.4834844722362043 0.6082129451618248
180 0.00131062470117 False 0.4834844722362043 0.6082129451618248
181 0.506832763851 True 0.49016032479006577 0.5678260890751917
182 0.000232662886029 False 0.49016032479006577 0.5678260890751917
183 2.73397478376e-05 False 0.49016032479006577 0.5678260890751917
184 9.24796962709e-16 False 0.49016032479006577 0.5678260890751917
185 1.35857466244 True 0.4898398480921303 0.630229683976768
186 0.0143302761888 False 0.4898398480921303 0.630229683976768
187 5.12421667315e-06 False 0.4898398480921303 0.630229683976768
188 7.4617939061e-07 False 0.4898398480921303 0.630229683976768
189 0.036471798193 False 0.4898398480921303 0.630229683976768
190 0.00897212004989 False 0.4898398480921303 0.630229683976768
191 2.02194642751e-10 False 0.4898398480921303 0.630229683976768
192 0.00362284327668 False 0.4898398480921303 0.630229683976768
193 0.008881779893 False 0.4898398480921303 0.630229683976768
194 0.0520992986395 False 0.4898398480921303 0.630229683976768
195 0.000547288189906 False 0.4898398480921303 0.630229683976768
196 0.000121989952994 False 0.4898398480921303 0.630229683976768
197 0.223120447102 False 0.4898398480921303 0.630229683976768
198 0.00018091507582 False 0.4898398480921303 0.630229683976768
199 4.30748656931e-05 False 0.4898398480921303 0.630229683976768
200 0.000629731508004 False 0.4898398480921303 0.630229683976768
201 0.0267001287309 False 0.4898398480921303 0.630229683976768
202 0.0413123475616 False 0.4898398480921303 0.630229683976768
203 0.00698306228922 False 0.4898398480921303 0.630229683976768
204 0.000404649485186 False 0.4898398480921303 0.630229683976768
205 9.96215037664e-12 False 0.4898398480921303 0.630229683976768
206 0.00228388900525 False 0.4898398480921303 0.630229683976768
207 0.313247338041 False 0.4898398480921303 0.630229683976768
208 5.40966506395e-08 False 0.4898398480921303 0.630229683976768
209 0.120082726194 False 0.4898398480921303 0.630229683976768
210 0.0523358048908 False 0.4898398480921303 0.630229683976768
211 0.0739020570646 False 0.4898398480921303 0.630229683976768
212 2.32641086974 True 0.49178693683339575 0.5879753918940289
213 0.0940325017644 False 0.49178693683339575 0.5879753918940289
214 5.6052558401e-06 False 0.49178693683339575 0.5879753918940289
215 0.000303406355136 False 0.49178693683339575 0.5879753918940289
216 2.42736935433e-07 False 0.49178693683339575 0.5879753918940289
217 0.00198950302674 False 0.49178693683339575 0.5879753918940289
218 1.52625833823e-10 False 0.49178693683339575 0.5879753918940289
219 0.00545132176074 False 0.49178693683339575 0.5879753918940289
220 0.120462905075 False 0.49178693683339575 0.5879753918940289
221 0.00480084310382 False 0.49178693683339575 0.5879753918940289
222 1.52857554249e-06 False 0.49178693683339575 0.5879753918940289
223 0.000910938926851 False 0.49178693683339575 0.5879753918940289
224 0.00361039800745 False 0.49178693683339575 0.5879753918940289
225 0.745743953566 True 0.4850248549117483 0.6056347219662432
226 0.0718565187039 False 0.4850248549117483 0.6056347219662432
227 0.00299847674525 False 0.4850248549117483 0.6056347219662432
228 5.64481661814e-05 False 0.4850248549117483 0.6056347219662432
229 1.34081216941 True 0.4950896572714733 0.616292414209661
230 0.574367049907 True 0.5087429266550239 0.5787653060223512
231 9.74318901331e-08 False 0.5087429266550239 0.5787653060223512
232 1.37165378883 True 0.5056553614835313 0.5816528289882548
233 0.35650056274 True 0.4927357214793313 0.5642066595378118
234 4.36911833473e-07 False 0.4927357214793313 0.5642066595378118
235 0.862881124384 True 0.4825962831828072 0.6310430788202347
236 0.125836860417 True 0.4795026013935238 0.5559524919103955
237 3.70127133182 True 0.5170295584227065 0.6253384650603862
238 0.00176684137139 False 0.5170295584227065 0.6253384650603862
239 3.01895318823e-19 False 0.5170295584227065 0.6253384650603862
240 0.00266039922898 False 0.5170295584227065 0.6253384650603862
241 2.30320588467e-06 False 0.5170295584227065 0.6253384650603862
242 8.22226240663e-18 False 0.5170295584227065 0.6253384650603862
243 2.12839819778e-05 False 0.5170295584227065 0.6253384650603862
244 10.8096137153 True 0.5017146271322442 0.6049173312904843
245 9.23993714926e-06 False 0.5017146271322442 0.6049173312904843
246 0.00105590064314 False 0.5017146271322442 0.6049173312904843
247 0.49746751552 True 0.4929653371595631 0.575097256650038
248 0.000216321220095 False 0.4929653371595631 0.575097256650038
249 0.00362454204725 False 0.4929653371595631 0.575097256650038
250 5.18098292667e-06 False 0.4929653371595631 0.575097256650038
251 0.0215239458098 False 0.4929653371595631 0.575097256650038
252 2.50244476144e-05 False 0.4929653371595631 0.575097256650038
253 2.01792288435 True 0.4947386295107868 0.5917645597002894
254 1.87639194737e-06 False 0.4947386295107868 0.5917645597002894
255 0.134837440586 False 0.4947386295107868 0.5917645597002894
256 1.5372940939e-10 False 0.4947386295107868 0.5917645597002894
257 0.000181483382132 False 0.4947386295107868 0.5917645597002894
258 0.0216805257422 False 0.4947386295107868 0.5917645597002894
259 0.0465787251052 False 0.4947386295107868 0.5917645597002894
260 1.05353487264 True 0.4952660938437245 0.6060475190572683
261 1.78275184921e-08 False 0.4952660938437245 0.6060475190572683
262 0.000225247338484 False 0.4952660938437245 0.6060475190572683
263 0.00475646430615 False 0.4952660938437245 0.6060475190572683
264 8.22795165111e-05 False 0.4952660938437245 0.6060475190572683
265 0.058305165907 False 0.4952660938437245 0.6060475190572683
266 8.24431940957e-05 False 0.4952660938437245 0.6060475190572683
267 0.258085887998 False 0.4952660938437245 0.6060475190572683
268 0.00216832137035 False 0.4952660938437245 0.6060475190572683
269 0.350769407686 False 0.4952660938437245 0.6060475190572683
270 0.178525729241 False 0.4952660938437245 0.6060475190572683
271 0.0136440776263 False 0.4952660938437245 0.6060475190572683
272 0.946848396179 True 0.50198989657678 0.6040364733751802
273 0.0516172241781 False 0.50198989657678 0.6040364733751802
274 0.244009649557 False 0.50198989657678 0.6040364733751802
275 0.135516793286 False 0.50198989657678 0.6040364733751802
276 1.76550524072e-09 False 0.50198989657678 0.6040364733751802
277 0.887689241049 True 0.5029439565527328 0.5882699603268025
278 0.962972405294 True 0.49191188392863294 0.6125036406160659
279 2.71546845272e-07 False 0.49191188392863294 0.6125036406160659
280 0.88362802974 True 0.4936246987397405 0.58321574788647
281 0.124418075417 False 0.4936246987397405 0.58321574788647
282 0.399966512488 True 0.49958000670208874 0.633097313095574
283 5.63594364723e-15 False 0.49958000670208874 0.633097313095574
284 1.46646473864e-05 False 0.49958000670208874 0.633097313095574
285 1.15654112337 True 0.4800660544457569 0.6034060425342753
286 3.45439765142e-05 False 0.4800660544457569 0.6034060425342753
287 0.325721471363 True 0.5126303649241707 0.6315098177503768
288 7.73566204402 True 0.5052410457862326 0.5955402729969621
289 0.060228317906 False 0.5052410457862326 0.5955402729969621
290 0.00297637839612 False 0.5052410457862326 0.5955402729969621
291 0.161774975776 False 0.5052410457862326 0.5955402729969621
292 1.99953709526e-07 False 0.5052410457862326 0.5955402729969621
293 0.00243918545434 False 0.5052410457862326 0.5955402729969621
294 1.19187664255 True 0.4980005476317239 0.5920494354166683
295 0.0733201045137 False 0.4980005476317239 0.5920494354166683
296 0.0597875250302 False 0.4980005476317239 0.5920494354166683
297 0.000502809166047 False 0.4980005476317239 0.5920494354166683
298 0.424667710389 False 0.4980005476317239 0.5920494354166683
299 0.112714389426 False 0.4980005476317239 0.5920494354166683
300 0.00146660960087 False 0.4980005476317239 0.5920494354166683
301 0.401603396444 False 0.4980005476317239 0.5920494354166683
302 1.3911967789e-08 False 0.4980005476317239 0.5920494354166683
303 0.808149866245 True 0.4944580271239465 0.5856383649325302
304 0.0598252886719 False 0.4944580271239465 0.5856383649325302
305 6.59152608024e-06 False 0.4944580271239465 0.5856383649325302
306 5.15544518744e-10 False 0.4944580271239465 0.5856383649325302
307 5.09003533306e-05 False 0.4944580271239465 0.5856383649325302
308 7.51522218425e-05 False 0.4944580271239465 0.5856383649325302
309 5.11333153403e-05 False 0.4944580271239465 0.5856383649325302
310 3.7371967814e-09 False 0.4944580271239465 0.5856383649325302
311 0.726442932126 True 0.49259783822700753 0.5795285331346547
312 0.160272324986 False 0.49259783822700753 0.5795285331346547
313 0.251892645568 False 0.49259783822700753 0.5795285331346547
314 0.000585739208437 False 0.49259783822700753 0.5795285331346547
315 1.26687650135 True 0.48799073261434317 0.6055011620389547
316 0.288927785087 False 0.48799073261434317 0.6055011620389547
317 0.0192459184008 False 0.48799073261434317 0.6055011620389547
318 0.106872507519 False 0.48799073261434317 0.6055011620389547
319 6.88673426245e-09 False 0.48799073261434317 0.6055011620389547
320 0.000215733271258 False 0.48799073261434317 0.6055011620389547
321 6.67497904984e-06 False 0.48799073261434317 0.6055011620389547
322 0.337370982616 False 0.48799073261434317 0.6055011620389547
323 0.0561732508176 False 0.48799073261434317 0.6055011620389547
324 0.0215500640259 False 0.48799073261434317 0.6055011620389547
325 0.0444320064449 False 0.48799073261434317 0.6055011620389547
326 0.536118514841 True 0.48911306543091704 0.5762982861037532
327 1.76511058077 True 0.48742333028363904 0.5969473742910408
328 2.22118877915e-05 False 0.48742333028363904 0.5969473742910408
329 1.50893354232 True 0.4965507307842395 0.5991214585237498
330 0.00266640576561 False 0.4965507307842395 0.5991214585237498
331 0.00699916410946 False 0.4965507307842395 0.5991214585237498
332 0.19897104528 False 0.4965507307842395 0.5991214585237498
333 0.0454879867632 False 0.4965507307842395 0.5991214585237498
334 0.000247830229312 False 0.4965507307842395 0.5991214585237498
335 1.08703805874e-11 False 0.4965507307842395 0.5991214585237498
336 0.14914536058 False 0.4965507307842395 0.5991214585237498
337 5.60567272671e-10 False 0.4965507307842395 0.5991214585237498
338 0.147515996189 False 0.4965507307842395 0.5991214585237498
339 6.54858335887e-12 False 0.4965507307842395 0.5991214585237498
340 0.00404792998119 False 0.4965507307842395 0.5991214585237498
341 5.72799735598e-05 False 0.4965507307842395 0.5991214585237498
342 5.99196326155e-05 False 0.4965507307842395 0.5991214585237498
343 0.00163728201748 False 0.4965507307842395 0.5991214585237498
344 0.000270759313365 False 0.4965507307842395 0.5991214585237498
345 0.0447956310506 False 0.4965507307842395 0.5991214585237498
346 0.00215488009313 False 0.4965507307842395 0.5991214585237498
347 4.43179558389e-09 False 0.4965507307842395 0.5991214585237498
348 0.0680879963952 True 0.47357174910453603 0.5840696018372936
349 0.231254121876 False 0.47357174910453603 0.5840696018372936
350 7.31266229691 True 0.5083669896831287 0.5824576013726277
351 0.891582038623 True 0.4943547481551261 0.6267052514304408
352 0.804796032725 False 0.4943547481551261 0.6267052514304408
353 0.00211579441955 False 0.4943547481551261 0.6267052514304408
354 1.25360337475 True 0.4850838093406389 0.6015594642584484
355 0.330970091445 False 0.4850838093406389 0.6015594642584484
356 6.94959543999e-12 False 0.4850838093406389 0.6015594642584484
357 0.024763383481 False 0.4850838093406389 0.6015594642584484
358 2.49750785714e-09 False 0.4850838093406389 0.6015594642584484
359 1.35153316421e-05 False 0.4850838093406389 0.6015594642584484
360 0.575380447455 False 0.4850838093406389 0.6015594642584484
361 7.69666436663e-13 False 0.4850838093406389 0.6015594642584484
362 3.99301115498e-10 False 0.4850838093406389 0.6015594642584484
363 0.112338282321 False 0.4850838093406389 0.6015594642584484
364 0.18782147587 False 0.4850838093406389 0.6015594642584484
365 0.000281240249149 False 0.4850838093406389 0.6015594642584484
366 0.765500014938 True 0.49278927164352293 0.626967090257663
367 0.0517110781007 False 0.49278927164352293 0.626967090257663
368 0.0880351347936 False 0.49278927164352293 0.626967090257663
369 0.000538127370166 False 0.49278927164352293 0.626967090257663
370 0.00613748887197 False 0.49278927164352293 0.626967090257663
371 3.56462576786e-05 False 0.49278927164352293 0.626967090257663
372 0.217946650011 False 0.49278927164352293 0.626967090257663
373 0.0399466987713 False 0.49278927164352293 0.626967090257663
374 0.000161838785248 False 0.49278927164352293 0.626967090257663
375 1.22039860196e-12 False 0.49278927164352293 0.626967090257663
376 0.11982069106 False 0.49278927164352293 0.626967090257663
377 6.7144720227e-05 False 0.49278927164352293 0.626967090257663
378 3.52990408162e-05 False 0.49278927164352293 0.626967090257663
379 0.453191298566 True 0.5167182244924234 0.6092878196864142
380 0.0751400538384 False 0.5167182244924234 0.6092878196864142
381 0.000123357468089 False 0.5167182244924234 0.6092878196864142
382 0.368698054683 False 0.5167182244924234 0.6092878196864142
383 0.00168232490993 False 0.5167182244924234 0.6092878196864142
384 0.188807642728 True 0.5265897330359043 0.586411000863021
385 1.50675055088e-18 False 0.5265897330359043 0.586411000863021
386 4.35261565798 True 0.49708612586297357 0.5591963562320459
387 0.00419317586504 False 0.49708612586297357 0.5591963562320459
388 1.22876254148 True 0.4783992467562232 0.5893211744524444
389 4.15571576106 True 0.4916076831996805 0.6095693418381609
390 0.000336023296753 False 0.4916076831996805 0.6095693418381609
391 5.83941773122e-05 False 0.4916076831996805 0.6095693418381609
392 0.000157163001662 False 0.4916076831996805 0.6095693418381609
393 0.818334247567 False 0.4916076831996805 0.6095693418381609
394 0.0315076406988 False 0.4916076831996805 0.6095693418381609
395 0.124877397171 True 0.5214338072356537 0.6027450664129188
396 0.00508795130292 False 0.5214338072356537 0.6027450664129188
397 3.65432170065e-05 False 0.5214338072356537 0.6027450664129188
398 9.77656717566 True 0.49759038717098725 0.6032326948102608
399 0.761372441393 True 0.5043514272301362 0.5884428907497986
400 0.00207859922554 False 0.5043514272301362 0.5884428907497986
401 0.455858156089 True 0.48078337212047473 0.6051848439085097
402 7.61313684646e-09 False 0.48078337212047473 0.6051848439085097
403 2.62180148549 True 0.4942172998345892 0.5925649489814264
404 0.223713166864 False 0.4942172998345892 0.5925649489814264
405 1.1032277449e-09 False 0.4942172998345892 0.5925649489814264
406 0.000165109025094 False 0.4942172998345892 0.5925649489814264
407 0.0216092947451 False 0.4942172998345892 0.5925649489814264
408 0.0748508808994 False 0.4942172998345892 0.5925649489814264
409 0.0415643128746 False 0.4942172998345892 0.5925649489814264
410 1.44032919044e-09 False 0.4942172998345892 0.5925649489814264
411 0.0163732328965 False 0.4942172998345892 0.5925649489814264
412 3.4450801436e-05 False 0.4942172998345892 0.5925649489814264
413 0.0107449590759 False 0.4942172998345892 0.5925649489814264
414 0.314793744981 False 0.4942172998345892 0.5925649489814264
415 0.0368533326946 False 0.4942172998345892 0.5925649489814264
416 0.107462314095 False 0.4942172998345892 0.5925649489814264
417 0.209042948806 False 0.4942172998345892 0.5925649489814264
418 4.90322062547e-05 False 0.4942172998345892 0.5925649489814264
419 0.0209077851583 False 0.4942172998345892 0.5925649489814264
420 0.343021575781 True 0.4948062296847029 0.5682145687113814
421 0.283652566196 False 0.4948062296847029 0.5682145687113814
422 0.178981456134 False 0.4948062296847029 0.5682145687113814
423 0.165556765164 True 0.48331419020875416 0.6472310378882977
424 5.85132319915 True 0.48935983527431504 0.5722670561380288
425 0.427794541164 True 0.4743627694914614 0.6075678417151834
426 1.34646152058e-05 False 0.4743627694914614 0.6075678417151834
427 0.0220855353668 False 0.4743627694914614 0.6075678417151834
428 0.00134768136472 False 0.4743627694914614 0.6075678417151834
429 4.47787844632 True 0.5092100727943623 0.5918968158889143
430 1.20474541948 True 0.4903223539007786 0.6138969190845092
431 0.00271223996561 False 0.4903223539007786 0.6138969190845092
432 1.30388903676 True 0.49213143734731796 0.601124984172706
433 0.00435495713035 False 0.49213143734731796 0.601124984172706
434 2.04383649806e-06 False 0.49213143734731796 0.601124984172706
435 0.666775901895 True 0.49828679821674393 0.5781080999238952
436 1.30149734701 True 0.5047497549994931 0.6044036285440831
437 3.54595164909e-06 False 0.5047497549994931 0.6044036285440831
438 0.0893031599257 False 0.5047497549994931 0.6044036285440831
439 4.74159349824e-08 False 0.5047497549994931 0.6044036285440831
440 1.3254085809e-06 False 0.5047497549994931 0.6044036285440831
441 2.47072881834e-06 False 0.5047497549994931 0.6044036285440831
442 0.0506552756332 False 0.5047497549994931 0.6044036285440831
443 5.51190707603e-10 False 0.5047497549994931 0.6044036285440831
444 0.0105890993837 False 0.5047497549994931 0.6044036285440831
445 9.24399698485e-18 False 0.5047497549994931 0.6044036285440831
446 0.0180981465913 False 0.5047497549994931 0.6044036285440831
447 0.220025036055 False 0.5047497549994931 0.6044036285440831
448 1.38349734452e-06 False 0.5047497549994931 0.6044036285440831
449 0.0108761063023 False 0.5047497549994931 0.6044036285440831
450 1.17079962102e-11 False 0.5047497549994931 0.6044036285440831
451 0.840280175383 True 0.5010207887381906 0.6171467702971225
452 0.679101990091 False 0.5010207887381906 0.6171467702971225
453 0.325341988654 True 0.5141506721509087 0.6164303840284736
454 0.0264710350569 False 0.5141506721509087 0.6164303840284736
455 3.90767601537 True 0.5042003633701497 0.5951696956038673
456 0.0235713637776 False 0.5042003633701497 0.5951696956038673
457 0.00451759660505 False 0.5042003633701497 0.5951696956038673
458 2.55211502364e-05 False 0.5042003633701497 0.5951696956038673
459 0.861966845953 True 0.506556166665943 0.5939708896939326
460 0.00318889010278 False 0.506556166665943 0.5939708896939326
461 0.000292860447219 False 0.506556166665943 0.5939708896939326
462 2.304736154e-13 False 0.506556166665943 0.5939708896939326
463 0.00214365185925 False 0.506556166665943 0.5939708896939326
464 2.4665048456e-18 False 0.506556166665943 0.5939708896939326
465 0.000598387631733 False 0.506556166665943 0.5939708896939326
466 0.274736486507 True 0.4854464522524251 0.5714998928101025
467 3.12774011308 True 0.5065384582118428 0.5853679805529267
468 1.20270851008 True 0.48982397616735895 0.6096409668885818
469 0.3935571728 False 0.48982397616735895 0.6096409668885818
470 0.0621826875789 False 0.48982397616735895 0.6096409668885818
471 2.18578874274e-05 False 0.48982397616735895 0.6096409668885818
472 1.39532049691e-07 False 0.48982397616735895 0.6096409668885818
473 8.7257849722e-06 False 0.48982397616735895 0.6096409668885818
474 0.101064370767 False 0.48982397616735895 0.6096409668885818
475 5.46288073243e-06 False 0.48982397616735895 0.6096409668885818
476 0.0268581911853 False 0.48982397616735895 0.6096409668885818
477 0.000946568180762 False 0.48982397616735895 0.6096409668885818
478 0.106260904559 True 0.48471969215326377 0.5612056795302283
479 2.39534257326e-05 False 0.48471969215326377 0.5612056795302283
480 0.000136195267785 False 0.48471969215326377 0.5612056795302283
481 5.84532143031e-05 False 0.48471969215326377 0.5612056795302283
482 4.68318292162e-08 False 0.48471969215326377 0.5612056795302283
483 0.00490513577607 False 0.48471969215326377 0.5612056795302283
484 2.40798863741 True 0.47684790688312256 0.5992195477217938
485 2.7786237203e-08 False 0.47684790688312256 0.5992195477217938
486 0.216484606354 False 0.47684790688312256 0.5992195477217938
487 0.0114615840599 False 0.47684790688312256 0.5992195477217938
488 0.0147363485193 True 0.4589629113792753 0.6210627869066337
489 2.45025979446e-11 False 0.4589629113792753 0.6210627869066337
490 0.00011493762819 False 0.4589629113792753 0.6210627869066337
491 1.49223425304e-11 False 0.4589629113792753 0.6210627869066337
492 0.00118370950353 False 0.4589629113792753 0.6210627869066337
493 1.33617614601e-11 False 0.4589629113792753 0.6210627869066337
494 4.73445279283e-10 False 0.4589629113792753 0.6210627869066337
495 11.9542066471 True 0.46847396133779134 0.6184821280811266
496 0.0670954239475 True 0.45766362730977683 0.6114911371137307
497 72.65663714 True 0.4803922754810823 0.6284327430363242
498 0.00695614732902 False 0.4803922754810823 0.6284327430363242
499 2.51532439516 True 0.49679532166863266 0.6279933078621297
500 1.45853448899 True 0.502320342777054 0.6180037277334108
501 0.000782831580977 False 0.502320342777054 0.6180037277334108
502 2.15538127857e-11 False 0.502320342777054 0.6180037277334108
503 3.86646888472e-05 False 0.502320342777054 0.6180037277334108
504 0.29849152067 True 0.5176049094426333 0.6071007200404471
505 0.0153061787032 False 0.5176049094426333 0.6071007200404471
506 0.00804363752632 False 0.5176049094426333 0.6071007200404471
507 3.98449077977e-20 False 0.5176049094426333 0.6071007200404471
508 1.24836774656e-08 False 0.5176049094426333 0.6071007200404471
509 0.000671324887667 False 0.5176049094426333 0.6071007200404471
510 0.938904348183 True 0.49609272888536304 0.6398014878563723
511 0.0524397020173 True 0.4668673665267262 0.5747990998495143
512 1.41956188455e-09 False 0.4668673665267262 0.5747990998495143
513 0.12842552281 False 0.4668673665267262 0.5747990998495143
514 0.339023964047 False 0.4668673665267262 0.5747990998495143
515 9.7342760105e-06 False 0.4668673665267262 0.5747990998495143
516 1.88036248956e-07 False 0.4668673665267262 0.5747990998495143
517 8.74197731998e-10 False 0.4668673665267262 0.5747990998495143
518 10.1659444492 True 0.4950461347434563 0.5540046723764238
519 8.49361844076e-06 False 0.4950461347434563 0.5540046723764238
520 5.21799808996 True 0.502939956805522 0.574352651149759
521 1.47644057188 True 0.5048389172228493 0.6101160032759947
522 0.231284518965 True 0.5131842025340423 0.6241936398190853
523 0.509313955974 False 0.5131842025340423 0.6241936398190853
524 8.67462684131e-20 False 0.5131842025340423 0.6241936398190853
525 6.62144402986e-06 False 0.5131842025340423 0.6241936398190853
526 1.62828053147e-09 False 0.5131842025340423 0.6241936398190853
527 2.26444883485e-12 False 0.5131842025340423 0.6241936398190853
528 0.0498554808931 False 0.5131842025340423 0.6241936398190853
529 0.366501590163 True 0.4702732021008437 0.605662593924398
530 8.12859098177e-06 False 0.4702732021008437 0.605662593924398
531 2.10104300624 True 0.5094541854485317 0.6340482704031817
532 7.61130612577 True 0.49406317813906325 0.605314241318405
533 4.52300514077e-08 False 0.49406317813906325 0.605314241318405
534 0.026819987419 False 0.49406317813906325 0.605314241318405
535 3.16297424718e-08 False 0.49406317813906325 0.605314241318405
536 4.81601343854e-05 False 0.49406317813906325 0.605314241318405
537 1.12960877137e-08 False 0.49406317813906325 0.605314241318405
538 0.00395989627077 False 0.49406317813906325 0.605314241318405
539 0.00422465165597 False 0.49406317813906325 0.605314241318405
540 0.000110960267042 False 0.49406317813906325 0.605314241318405
541 0.400436394591 False 0.49406317813906325 0.605314241318405
542 0.000265401120838 False 0.49406317813906325 0.605314241318405
543 0.0287875448475 False 0.49406317813906325 0.605314241318405
544 0.0143033112183 False 0.49406317813906325 0.605314241318405
545 0.015901474983 False 0.49406317813906325 0.605314241318405
546 0.36712699857 False 0.49406317813906325 0.605314241318405
547 0.768460889507 True 0.49930661202055276 0.5823115728753059
548 0.856783916033 True 0.4881056109858781 0.6134457069696001
549 8.4177870827e-08 False 0.4881056109858781 0.6134457069696001
550 0.330397039449 True 0.49448452793069836 0.6376457233094439
551 0.112399414216 False 0.49448452793069836 0.6376457233094439
552 0.0784572494139 False 0.49448452793069836 0.6376457233094439
553 0.205154516164 False 0.49448452793069836 0.6376457233094439
554 4.75464162476e-05 False 0.49448452793069836 0.6376457233094439
555 0.000692687846748 False 0.49448452793069836 0.6376457233094439
556 0.000172610387 False 0.49448452793069836 0.6376457233094439
557 0.325682791755 True 0.4748304615970347 0.6306323093055816
558 2.2191297932 True 0.4781831875728576 0.5830991230734862
559 4.40373039399 True 0.48712203959689054 0.597018261512925
560 0.358908748401 False 0.48712203959689054 0.597018261512925
561 0.32164207423 False 0.48712203959689054 0.597018261512925
562 5.55827352418e-08 False 0.48712203959689054 0.597018261512925
563 0.0422965336039 False 0.48712203959689054 0.597018261512925
564 1.01749036983e-11 False 0.48712203959689054 0.597018261512925
565 0.000263196312168 False 0.48712203959689054 0.597018261512925
566 4.47934884188e-05 False 0.48712203959689054 0.597018261512925
567 0.0401767402037 False 0.48712203959689054 0.597018261512925
568 0.890923035611 True 0.5036065915513952 0.6173356659262004
569 0.00135297714267 False 0.5036065915513952 0.6173356659262004
570 0.095274364788 False 0.5036065915513952 0.6173356659262004
571 1.59867524133 True 0.4954609284588665 0.6079923108679315
572 0.00354945816107 False 0.4954609284588665 0.6079923108679315
573 0.32741636813 True 0.5064164764525856 0.5694105516097682
574 0.0186310145614 False 0.5064164764525856 0.5694105516097682
575 0.00485351263133 False 0.5064164764525856 0.5694105516097682
576 0.000151104448462 False 0.5064164764525856 0.5694105516097682
577 0.0163337265631 False 0.5064164764525856 0.5694105516097682
578 0.0688246432635 False 0.5064164764525856 0.5694105516097682
579 1.25373444247e-05 False 0.5064164764525856 0.5694105516097682
580 0.0190911093978 False 0.5064164764525856 0.5694105516097682
581 0.0533272888038 False 0.5064164764525856 0.5694105516097682
582 1.78034874334e-08 False 0.5064164764525856 0.5694105516097682
583 8.89178254554e-06 False 0.5064164764525856 0.5694105516097682
584 1.78146824812 True 0.49167569174046655 0.5799518604084491
585 0.000183359336258 False 0.49167569174046655 0.5799518604084491
586 0.408949373033 True 0.48081319336577466 0.5833568944831063
587 0.0865569795653 False 0.48081319336577466 0.5833568944831063
588 0.0105855179291 False 0.48081319336577466 0.5833568944831063
589 1.80974334272 True 0.49627304434575414 0.5712922788316158
590 0.000608795277157 False 0.49627304434575414 0.5712922788316158
591 0.000492712390554 False 0.49627304434575414 0.5712922788316158
592 2.35324483387 True 0.5015525339754509 0.5966712721432771
593 1.00153498331e-07 False 0.5015525339754509 0.5966712721432771
594 0.0235268375836 False 0.5015525339754509 0.5966712721432771
595 0.00652752401977 False 0.5015525339754509 0.5966712721432771
596 0.00106073569257 False 0.5015525339754509 0.5966712721432771
597 0.1606954257 False 0.5015525339754509 0.5966712721432771
598 0.133121974288 False 0.5015525339754509 0.5966712721432771
599 0.810533247926 True 0.5029444151343998 0.6104720440525309
600 0.0685423882435 False 0.5029444151343998 0.6104720440525309
601 0.66099388198 True 0.5090598527350435 0.6095052754918718
602 0.00119343276537 False 0.5090598527350435 0.6095052754918718
603 0.00181436949577 False 0.5090598527350435 0.6095052754918718
604 0.215249402839 False 0.5090598527350435 0.6095052754918718
605 0.000714002558952 False 0.5090598527350435 0.6095052754918718
606 0.0360427338239 False 0.5090598527350435 0.6095052754918718
607 0.762723312558 True 0.48170032743930574 0.6003810812372369
608 0.00809209290491 False 0.48170032743930574 0.6003810812372369
609 0.00120998005034 False 0.48170032743930574 0.6003810812372369
610 0.000581690921269 False 0.48170032743930574 0.6003810812372369
611 0.0104482665451 False 0.48170032743930574 0.6003810812372369
612 7.83975815154e-10 False 0.48170032743930574 0.6003810812372369
613 5.36306399045e-06 False 0.48170032743930574 0.6003810812372369
614 0.270583538805 False 0.48170032743930574 0.6003810812372369
615 0.0601668713436 False 0.48170032743930574 0.6003810812372369
616 0.000540728333184 False 0.48170032743930574 0.6003810812372369
617 0.0133130084338 False 0.48170032743930574 0.6003810812372369
618 0.138488039815 False 0.48170032743930574 0.6003810812372369
619 0.00584290827249 False 0.48170032743930574 0.6003810812372369
620 0.757387973979 True 0.48782690334875906 0.6299356091814814
621 1.07072118606 True 0.4835096902882637 0.5833541740606242
622 0.0829385141177 False 0.4835096902882637 0.5833541740606242
623 1.13099248909e-12 False 0.4835096902882637 0.5833541740606242
624 0.283890057676 True 0.4727228450720907 0.6136851228657317
625 3.6900325257 True 0.4822551283001618 0.6176866375548264
626 0.393711479618 False 0.4822551283001618 0.6176866375548264
627 0.0282511967821 False 0.4822551283001618 0.6176866375548264
628 5.18678898246e-05 False 0.4822551283001618 0.6176866375548264
629 0.320235705913 True 0.489555116478713 0.643942126186668
630 0.187079921434 False 0.489555116478713 0.643942126186668
631 4.05081663184e-10 False 0.489555116478713 0.643942126186668
632 0.00274108342535 False 0.489555116478713 0.643942126186668
633 0.0253222096655 False 0.489555116478713 0.643942126186668
634 1.26304058844e-05 False 0.489555116478713 0.643942126186668
635 0.0801103879101 True 0.47385625551518346 0.6535976777970838
636 0.00586111969266 False 0.47385625551518346 0.6535976777970838
637 5.9132582048e-09 False 0.47385625551518346 0.6535976777970838
638 6.78905484147e-05 False 0.47385625551518346 0.6535976777970838
639 2.65003768395 True 0.475613415160835 0.6466322431719305
640 8.33746722769e-17 False 0.475613415160835 0.6466322431719305
641 0.000560837134306 False 0.475613415160835 0.6466322431719305
642 1.69734734907 True 0.4892888501357294 0.6534777216299018
643 0.584864439103 True 0.5204771340245674 0.634281053163633
644 3.37475860012e-07 False 0.5204771340245674 0.634281053163633
645 8.27561366842e-06 False 0.5204771340245674 0.634281053163633
646 0.553639506566 False 0.5204771340245674 0.634281053163633
647 0.006877742749 False 0.5204771340245674 0.634281053163633
648 0.0969690453123 False 0.5204771340245674 0.634281053163633
649 9.0564749193 True 0.4867343225029018 0.6344860127657442
650 8.03616173584e-05 False 0.4867343225029018 0.6344860127657442
651 2.26942845926 True 0.4909191434861344 0.6249437543227113
652 4.1115324526e-07 False 0.4909191434861344 0.6249437543227113
653 0.0706630884777 False 0.4909191434861344 0.6249437543227113
654 0.230043693662 False 0.4909191434861344 0.6249437543227113
655 2.36505465844e-15 False 0.4909191434861344 0.6249437543227113
656 0.105947001529 False 0.4909191434861344 0.6249437543227113
657 0.00127230402532 False 0.4909191434861344 0.6249437543227113
658 0.0479322823026 False 0.4909191434861344 0.6249437543227113
659 0.126983343354 False 0.4909191434861344 0.6249437543227113
660 0.00525989374038 False 0.4909191434861344 0.6249437543227113
661 0.000749534110866 False 0.4909191434861344 0.6249437543227113
662 0.242762340008 False 0.4909191434861344 0.6249437543227113
663 0.539302229658 True 0.4999109734509592 0.5638428908988501
664 0.160143764307 True 0.5259452034868185 0.6037537746943769
665 8.2011051421 True 0.4806275880602736 0.6105107519669958
666 2.8631043751 True 0.4927265666152451 0.598216984290887
667 0.333234528221 False 0.4927265666152451 0.598216984290887
668 0.0115020648482 False 0.4927265666152451 0.598216984290887
669 0.0200026565778 False 0.4927265666152451 0.598216984290887
670 0.0149638907414 False 0.4927265666152451 0.598216984290887
671 0.105663255872 False 0.4927265666152451 0.598216984290887
672 0.0745668321486 False 0.4927265666152451 0.598216984290887
673 0.410223585232 True 0.4814699066096692 0.6023873968477064
674 0.028633258183 False 0.4814699066096692 0.6023873968477064
675 0.228587091616 False 0.4814699066096692 0.6023873968477064
676 0.535321821578 True 0.4936963832008059 0.5632860368061035
677 0.000710015296439 False 0.4936963832008059 0.5632860368061035
678 0.331692371539 False 0.4936963832008059 0.5632860368061035
679 1.58420520042e-08 False 0.4936963832008059 0.5632860368061035
680 1.40348542275e-05 False 0.4936963832008059 0.5632860368061035
681 0.17059278851 False 0.4936963832008059 0.5632860368061035
682 0.350629696609 False 0.4936963832008059 0.5632860368061035
683 0.134254228135 False 0.4936963832008059 0.5632860368061035
684 0.168165833245 True 0.48216679070899765 0.5560025539261101
685 0.00053710268113 False 0.48216679070899765 0.5560025539261101
686 5.72358092748e-10 False 0.48216679070899765 0.5560025539261101
687 1.88109744678 True 0.5037891733519673 0.5500236834605982
688 5.00618383053e-07 False 0.5037891733519673 0.5500236834605982
689 3.60430799386e-05 False 0.5037891733519673 0.5500236834605982
690 0.00136727219048 False 0.5037891733519673 0.5500236834605982
691 0.0587593791238 False 0.5037891733519673 0.5500236834605982
692 1.36947522842 True 0.5226433992261651 0.5920223544581249
693 0.000566877486212 False 0.5226433992261651 0.5920223544581249
694 7.98401566776 True 0.4913073360300658 0.6151406245453691
695 0.0112491257887 False 0.4913073360300658 0.6151406245453691
696 0.0842767431736 False 0.4913073360300658 0.6151406245453691
697 9.07783690627e-05 False 0.4913073360300658 0.6151406245453691
698 0.0347002657143 False 0.4913073360300658 0.6151406245453691
699 0.187220809388 False 0.4913073360300658 0.6151406245453691
700 0.0112949878164 False 0.4913073360300658 0.6151406245453691
701 0.00438615574309 False 0.4913073360300658 0.6151406245453691
702 0.0178974684692 False 0.4913073360300658 0.6151406245453691
703 6.62648811708e-09 False 0.4913073360300658 0.6151406245453691
704 0.0450917084431 False 0.4913073360300658 0.6151406245453691
705 0.190415473951 False 0.4913073360300658 0.6151406245453691
706 0.00734209794671 False 0.4913073360300658 0.6151406245453691
707 2.92685181746e-13 False 0.4913073360300658 0.6151406245453691
708 1.77256646087e-09 False 0.4913073360300658 0.6151406245453691
709 1.19864873577 True 0.5009595283049884 0.5876991917823595
710 0.336572331269 False 0.5009595283049884 0.5876991917823595
711 0.0417197698287 False 0.5009595283049884 0.5876991917823595
712 0.0156045935208 False 0.5009595283049884 0.5876991917823595
713 0.042485852048 False 0.5009595283049884 0.5876991917823595
714 0.00135326115907 False 0.5009595283049884 0.5876991917823595
715 0.604870600984 False 0.5009595283049884 0.5876991917823595
716 0.000234757317456 False 0.5009595283049884 0.5876991917823595
717 9.54426477877e-17 False 0.5009595283049884 0.5876991917823595
718 0.0177196420205 False 0.5009595283049884 0.5876991917823595
719 0.0291516811691 False 0.5009595283049884 0.5876991917823595
720 0.000335400773621 False 0.5009595283049884 0.5876991917823595
721 6.88776576208e-08 False 0.5009595283049884 0.5876991917823595
722 1.25955570227e-06 False 0.5009595283049884 0.5876991917823595
723 0.976020883334 True 0.4973566787499493 0.5859573839528703
724 0.788089954763 True 0.4915083873240348 0.58429754796603
725 1.0283678315 True 0.5034753756181316 0.582433328228769
726 0.0186159263827 False 0.5034753756181316 0.582433328228769
727 0.243625364174 False 0.5034753756181316 0.582433328228769
728 5.77487130205e-06 False 0.5034753756181316 0.582433328228769
729 0.422357225706 True 0.4854157782882465 0.5769649853939077
730 0.000887745364634 False 0.4854157782882465 0.5769649853939077
731 0.00343817545764 False 0.4854157782882465 0.5769649853939077
732 1.19351786699 True 0.4807951693198601 0.5975974225987417
733 2.02816470727e-09 False 0.4807951693198601 0.5975974225987417
734 0.0636247890085 False 0.4807951693198601 0.5975974225987417
735 0.277890817295 False 0.4807951693198601 0.5975974225987417
736 6.43740735159e-05 False 0.4807951693198601 0.5975974225987417
737 0.000232641295021 False 0.4807951693198601 0.5975974225987417
738 1.1059109302 True 0.4814421862850318 0.6074178399356982
739 0.00168343966 False 0.4814421862850318 0.6074178399356982
740 2.55796152219e-06 False 0.4814421862850318 0.6074178399356982
741 0.104542386113 False 0.4814421862850318 0.6074178399356982
742 1.166056037 True 0.48257790533803824 0.6024289626303087
743 0.00264625827305 False 0.48257790533803824 0.6024289626303087
744 0.00169913032579 False 0.48257790533803824 0.6024289626303087
745 0.000408156882984 False 0.48257790533803824 0.6024289626303087
746 0.000205719247521 False 0.48257790533803824 0.6024289626303087
747 0.614241433393 False 0.48257790533803824 0.6024289626303087
748 0.000105075900818 False 0.48257790533803824 0.6024289626303087
749 0.824844203227 True 0.5138982635822529 0.5978306679533627
750 1.56178927491 True 0.5097906043579018 0.6002775267453445
751 0.0202708751633 False 0.5097906043579018 0.6002775267453445
752 0.331125996535 False 0.5097906043579018 0.6002775267453445
753 1.47782096927e-05 False 0.5097906043579018 0.6002775267453445
754 0.00787862709339 False 0.5097906043579018 0.6002775267453445
755 1.07167401763 True 0.49343365596054567 0.5801599169328293
756 1.26657913356 True 0.501416555306081 0.6131572889039135
757 1.27917882072 True 0.4941834581554914 0.6026845725592843
758 0.00114209368819 False 0.4941834581554914 0.6026845725592843
759 0.698724896058 True 0.4902892768471597 0.6148981916687922
760 0.0021313029703 False 0.4902892768471597 0.6148981916687922
761 0.00344582295867 False 0.4902892768471597 0.6148981916687922
762 0.000549665579038 False 0.4902892768471597 0.6148981916687922
763 0.399262189125 True 0.5057392385032269 0.5670386660618779
764 0.56867029216 True 0.4792184588209982 0.5805186099420226
765 1.62436278479 True 0.486090120072034 0.5738244484732896
766 0.81220208646 True 0.5106268175082652 0.5676603552050428
767 3.31794830368 True 0.49868511049661 0.6183914884462213
768 0.0471883107006 True 0.46832696987646366 0.6196485612487876
769 5.1344198746 True 0.505208434345948 0.5601513936898629
770 0.502990442351 True 0.5042939809481997 0.5524647951005504
771 1.93498426368 True 0.48037104105533407 0.5779772218558434
772 0.000273710695435 False 0.48037104105533407 0.5779772218558434
773 3.71627806721 True 0.5088934237391268 0.591066243985903
774 0.336714097561 False 0.5088934237391268 0.591066243985903
775 2.7463263426e-08 False 0.5088934237391268 0.591066243985903
776 0.206122048389 True 0.4908953148417727 0.5593799996522356
777 0.0304744638286 False 0.4908953148417727 0.5593799996522356
778 0.00532321088734 False 0.4908953148417727 0.5593799996522356
779 2.83155785345e-11 False 0.4908953148417727 0.5593799996522356
780 1.93142651209e-05 False 0.4908953148417727 0.5593799996522356
781 0.00181437478383 False 0.4908953148417727 0.5593799996522356
782 1.81566546594 True 0.4778196767661087 0.5979361421151781
783 1.6339809118 True 0.48256224061607644 0.6157801155609518
784 2.26699385651e-09 False 0.48256224061607644 0.6157801155609518
785 0.000127395937576 False 0.48256224061607644 0.6157801155609518
786 1.81530576284e-08 False 0.48256224061607644 0.6157801155609518
787 0.0596511702363 False 0.48256224061607644 0.6157801155609518
788 0.208119685688 False 0.48256224061607644 0.6157801155609518
789 1.59743017929 True 0.5067080378339903 0.6120990036529962
790 1.75281472869 True 0.4972869728515741 0.5974235658299486
791 0.0866759467786 False 0.4972869728515741 0.5974235658299486
792 0.484958925252 True 0.5110039400399842 0.6011088401336147
793 0.00943937923178 False 0.5110039400399842 0.6011088401336147
794 0.191926861492 False 0.5110039400399842 0.6011088401336147
795 0.000103025006154 False 0.5110039400399842 0.6011088401336147
796 0.028572637228 False 0.5110039400399842 0.6011088401336147
797 1.00792463369 True 0.5085209667562701 0.6120737023365019
798 0.179491392903 True 0.5162261865078381 0.6264528252791003
799 2.15457133141e-08 False 0.5162261865078381 0.6264528252791003
800 0.858451967934 True 0.5205495396994738 0.5724709452960411
801 0.181954093349 False 0.5205495396994738 0.5724709452960411
802 0.0923395266989 False 0.5205495396994738 0.5724709452960411
803 0.00282563674912 False 0.5205495396994738 0.5724709452960411
804 0.34588751047 False 0.5205495396994738 0.5724709452960411
805 0.000153579396303 False 0.5205495396994738 0.5724709452960411
806 0.329489366208 False 0.5205495396994738 0.5724709452960411
807 1.2582413956e-05 False 0.5205495396994738 0.5724709452960411
808 4.09516250656 True 0.4870352898902251 0.575925206915481
809 0.000341246451946 False 0.4870352898902251 0.575925206915481
810 0.000907783599938 False 0.4870352898902251 0.575925206915481
811 1.77766604002 True 0.5085736547070406 0.6079304834709798
812 9.33012305055e-06 False 0.5085736547070406 0.6079304834709798
813 0.369503190893 False 0.5085736547070406 0.6079304834709798
814 1.20803366532e-07 False 0.5085736547070406 0.6079304834709798
815 0.875603760317 True 0.5082591938235471 0.6132826931887101
816 0.780192596168 True 0.5115223021635475 0.6106540840082139
817 0.591939972848 True 0.49312797074607984 0.6364638393340999
818 0.000609348533293 False 0.49312797074607984 0.6364638393340999
819 4.12300561987e-05 False 0.49312797074607984 0.6364638393340999
820 0.147228271715 False 0.49312797074607984 0.6364638393340999
821 1.03241338979 True 0.48522051511860104 0.630827285108814
822 3.24826798857 True 0.48948005743701195 0.6086261002733635
823 0.463250641322 True 0.48494056333392194 0.6229473145292664
824 5.40276545506e-05 False 0.48494056333392194 0.6229473145292664
825 4.78513354473e-14 False 0.48494056333392194 0.6229473145292664
826 0.311719598479 True 0.4865510767232125 0.562308079583985
827 2.98056942587e-05 False 0.4865510767232125 0.562308079583985
828 3.91378935162 True 0.5062555359867073 0.6202829631863871
829 0.00995548790467 False 0.5062555359867073 0.6202829631863871
830 0.000161576368207 False 0.5062555359867073 0.6202829631863871
831 0.00122568065761 False 0.5062555359867073 0.6202829631863871
832 7.79228893639e-21 False 0.5062555359867073 0.6202829631863871
833 0.00372726154047 False 0.5062555359867073 0.6202829631863871
834 8.81372207807e-07 False 0.5062555359867073 0.6202829631863871
835 0.311850953186 False 0.5062555359867073 0.6202829631863871
836 0.0181362730605 False 0.5062555359867073 0.6202829631863871
837 0.355900172938 False 0.5062555359867073 0.6202829631863871
838 0.00263467260031 False 0.5062555359867073 0.6202829631863871
839 0.000240688613196 False 0.5062555359867073 0.6202829631863871
840 0.813047693826 True 0.4869419944866825 0.6261977711377188
841 0.0527058149488 False 0.4869419944866825 0.6261977711377188
842 1.21285639821 True 0.48615737914535545 0.6210033393534942
843 0.000916355274587 False 0.48615737914535545 0.6210033393534942
844 0.00821926103731 False 0.48615737914535545 0.6210033393534942
845 1.69214452928e-05 False 0.48615737914535545 0.6210033393534942
846 2.16709053167e-05 False 0.48615737914535545 0.6210033393534942
847 0.00201656643654 False 0.48615737914535545 0.6210033393534942
848 0.0244311796121 False 0.48615737914535545 0.6210033393534942
849 0.364191726559 False 0.48615737914535545 0.6210033393534942
850 5.62897333665e-05 False 0.48615737914535545 0.6210033393534942
851 2.13144647298 True 0.49171058487411373 0.6026118726238467
852 0.000773166527696 False 0.49171058487411373 0.6026118726238467
853 0.289908916953 True 0.4835130208102453 0.6263374734745621
854 1.65099052672e-05 False 0.4835130208102453 0.6263374734745621
855 0.500029124884 True 0.512175021388472 0.629377095303338
856 0.109562133504 False 0.512175021388472 0.629377095303338
857 5.90811682132e-05 False 0.512175021388472 0.629377095303338
858 5.90625927997 True 0.49171949235294227 0.6128518379328691
859 0.0600458089264 False 0.49171949235294227 0.6128518379328691
860 0.392742484827 False 0.49171949235294227 0.6128518379328691
861 1.2332294047 True 0.4931117758518078 0.5989860368337566
862 0.00600075501451 False 0.4931117758518078 0.5989860368337566
863 0.00274659984916 False 0.4931117758518078 0.5989860368337566
864 0.00153494565983 False 0.4931117758518078 0.5989860368337566
865 0.00485430775415 False 0.4931117758518078 0.5989860368337566
866 0.0102180700604 False 0.4931117758518078 0.5989860368337566
867 0.344263728382 False 0.4931117758518078 0.5989860368337566
868 0.000758472589601 False 0.4931117758518078 0.5989860368337566
869 0.004170965789 False 0.4931117758518078 0.5989860368337566
870 0.0148533013274 False 0.4931117758518078 0.5989860368337566
871 0.530435638503 False 0.4931117758518078 0.5989860368337566
872 0.0525908141302 True 0.4830881724253547 0.5583771081595552
873 0.171883874864 False 0.4830881724253547 0.5583771081595552
874 0.43258781104 True 0.5164265038463259 0.5483820421380488
875 2.20070405069 True 0.5238791949511675 0.5751619624500217
876 2.46414871448 True 0.48383462539007704 0.5667516459634765
877 0.286096119511 False 0.48383462539007704 0.5667516459634765
878 1.79643222887 True 0.4982733199047676 0.636989423682873
879 2.49809072439 True 0.5098665989553661 0.588704313337878
880 1.58285878061 True 0.5004479065354001 0.5865490165958767
881 2.62105931579e-07 False 0.5004479065354001 0.5865490165958767
882 0.64788894801 False 0.5004479065354001 0.5865490165958767
883 0.11281054701 False 0.5004479065354001 0.5865490165958767
884 0.503858366444 True 0.503230803612119 0.6244445229861362
885 0.289478230072 True 0.5199905703590494 0.5819131863596433
886 0.269335413392 False 0.5199905703590494 0.5819131863596433
887 0.0405024562486 False 0.5199905703590494 0.5819131863596433
888 2.42609411994e-05 False 0.5199905703590494 0.5819131863596433
889 0.300914801469 True 0.5136112239938952 0.5504153292846725
890 0.219700507067 False 0.5136112239938952 0.5504153292846725
891 1.33808658842 True 0.5209332551573815 0.5656567787513461
892 1.53798712715 True 0.4942112563916617 0.5525196951216605
893 7.08700596038 True 0.49888527165622293 0.6233190999412962
894 0.0138741775271 False 0.49888527165622293 0.6233190999412962
895 0.000866612347956 False 0.49888527165622293 0.6233190999412962
896 1.46541497927 True 0.4971517588716745 0.6152700101231663
897 0.868766321575 True 0.5029869627733723 0.5821935959807821
898 0.120274332239 True 0.4731244574368827 0.5901951396171591
899 2.69822065878 True 0.4787301689651557 0.6168757926042304
900 0.319648118226 False 0.4787301689651557 0.6168757926042304
901 1.0464222031 True 0.4782259913859724 0.6118986673603306
902 6.57980289084e-05 False 0.4782259913859724 0.6118986673603306
903 3.08022277237 True 0.4876965750219886 0.6009939568041306
904 0.179649322094 False 0.4876965750219886 0.6009939568041306
905 9.06501283237e-05 False 0.4876965750219886 0.6009939568041306
906 4.71887912137e-05 False 0.4876965750219886 0.6009939568041306
907 1.06768502336 True 0.49138134564838554 0.6129714373081421
908 3.10384522429e-05 False 0.49138134564838554 0.6129714373081421
909 0.0038156220096 False 0.49138134564838554 0.6129714373081421
910 0.0172977766094 False 0.49138134564838554 0.6129714373081421
911 1.01895645285e-05 False 0.49138134564838554 0.6129714373081421
912 0.506940206492 True 0.48173029726976024 0.5980885161468851
913 0.502998350091 True 0.51712700885424 0.5825421336386216
914 0.000951600046372 False 0.51712700885424 0.5825421336386216
915 0.66601226453 True 0.48160942911515325 0.5718274025536939
916 5.24636250281 True 0.49005459832108134 0.5877714074697812
917 0.0189845068008 False 0.49005459832108134 0.5877714074697812
918 0.241218804125 True 0.47834962539649195 0.5843188324255173
919 0.00336694197122 False 0.47834962539649195 0.5843188324255173
920 0.0841232368978 False 0.47834962539649195 0.5843188324255173
921 0.000409175167083 False 0.47834962539649195 0.5843188324255173
922 2.16269873026e-11 False 0.47834962539649195 0.5843188324255173
923 3.01338663125e-05 False 0.47834962539649195 0.5843188324255173
924 6.54471006732e-07 False 0.47834962539649195 0.5843188324255173
925 0.960188884267 True 0.5192157920576713 0.6018682272145103
926 0.0155091554707 False 0.5192157920576713 0.6018682272145103
927 0.000771385634243 False 0.5192157920576713 0.6018682272145103
928 0.2258510264 False 0.5192157920576713 0.6018682272145103
929 0.0389777879006 False 0.5192157920576713 0.6018682272145103
930 1.29193256604e-05 False 0.5192157920576713 0.6018682272145103
931 4.06162207533e-07 False 0.5192157920576713 0.6018682272145103
932 0.000138663348313 False 0.5192157920576713 0.6018682272145103
933 0.362777403132 False 0.5192157920576713 0.6018682272145103
934 0.321315852567 False 0.5192157920576713 0.6018682272145103
935 1.57315551364e-07 False 0.5192157920576713 0.6018682272145103
936 0.000397861302232 False 0.5192157920576713 0.6018682272145103
937 0.750162589532 True 0.5107793412777899 0.5602521238331217
938 0.0154974896024 False 0.5107793412777899 0.5602521238331217
939 0.030768690251 False 0.5107793412777899 0.5602521238331217
940 0.000181075629609 False 0.5107793412777899 0.5602521238331217
941 0.0502726790623 False 0.5107793412777899 0.5602521238331217
942 0.0345367160934 False 0.5107793412777899 0.5602521238331217
943 0.581460948526 False 0.5107793412777899 0.5602521238331217
944 5.12723397354 True 0.48712391187698983 0.6124371270928658
945 0.000317409058292 False 0.48712391187698983 0.6124371270928658
946 0.0457765347305 False 0.48712391187698983 0.6124371270928658
947 3.34240237219e-05 False 0.48712391187698983 0.6124371270928658
948 7.1887088646e-07 False 0.48712391187698983 0.6124371270928658
949 0.0590622713623 False 0.48712391187698983 0.6124371270928658
950 0.669713551674 False 0.48712391187698983 0.6124371270928658
951 0.0307524972013 False 0.48712391187698983 0.6124371270928658
952 5.95299527705e-07 False 0.48712391187698983 0.6124371270928658
953 1.43608277662 True 0.49818962799408606 0.5872203464944649
954 2.1986493935e-09 False 0.49818962799408606 0.5872203464944649
955 0.00677629126173 False 0.49818962799408606 0.5872203464944649
956 1.01320852136 True 0.49380506826764653 0.5907409078256942
957 0.000583753478271 False 0.49380506826764653 0.5907409078256942
958 7.68585279301e-10 False 0.49380506826764653 0.5907409078256942
959 0.00238902451658 False 0.49380506826764653 0.5907409078256942
960 0.5720461842 False 0.49380506826764653 0.5907409078256942
961 0.804725443014 True 0.5070707398240187 0.6016007460083076
962 6.18705964693e-06 False 0.5070707398240187 0.6016007460083076
963 0.838092020817 False 0.5070707398240187 0.6016007460083076
964 6.90194105219e-07 False 0.5070707398240187 0.6016007460083076
965 0.25444346164 True 0.5173819427378836 0.6089802381959527
966 0.0457624033371 False 0.5173819427378836 0.6089802381959527
967 0.00117235594869 False 0.5173819427378836 0.6089802381959527
968 0.110601878491 True 0.505258225794716 0.6553870143502223
969 15.5811301793 True 0.511997555925779 0.6148809613267942
970 0.0599803829767 False 0.511997555925779 0.6148809613267942
971 9.78099509846e-05 False 0.511997555925779 0.6148809613267942
972 0.000151074311618 False 0.511997555925779 0.6148809613267942
973 0.000533831704959 False 0.511997555925779 0.6148809613267942
974 0.508849174875 False 0.511997555925779 0.6148809613267942
975 1.27065108708 True 0.49653698161354554 0.5706629867818285
976 0.0352240923964 False 0.49653698161354554 0.5706629867818285
977 0.366505004961 False 0.49653698161354554 0.5706629867818285
978 0.000508811045839 False 0.49653698161354554 0.5706629867818285
979 2.65673276519e-08 False 0.49653698161354554 0.5706629867818285
980 7.35121774628e-07 False 0.49653698161354554 0.5706629867818285
981 0.376975866464 False 0.49653698161354554 0.5706629867818285
982 2.25476994296 True 0.49680062926017504 0.6111791297737917
983 1.8983639345e-08 False 0.49680062926017504 0.6111791297737917
984 0.163581422581 False 0.49680062926017504 0.6111791297737917
985 0.112757789281 False 0.49680062926017504 0.6111791297737917
986 2.44274106968e-05 False 0.49680062926017504 0.6111791297737917
987 2.0460813807e-06 False 0.49680062926017504 0.6111791297737917
988 0.0648372907336 False 0.49680062926017504 0.6111791297737917
989 0.271073038482 False 0.49680062926017504 0.6111791297737917
990 0.154865523827 False 0.49680062926017504 0.6111791297737917
991 0.000752130223923 False 0.49680062926017504 0.6111791297737917
992 0.000990049746308 False 0.49680062926017504 0.6111791297737917
993 0.0110116175507 False 0.49680062926017504 0.6111791297737917
994 0.0483616923729 False 0.49680062926017504 0.6111791297737917
995 0.00243776321554 False 0.49680062926017504 0.6111791297737917
996 0.0574875648559 False 0.49680062926017504 0.6111791297737917
997 1.57983819108e-05 False 0.49680062926017504 0.6111791297737917
998 8.03282367363e-05 False 0.49680062926017504 0.6111791297737917
999 0.0172265750801 False 0.49680062926017504 0.6111791297737917
