j ratio accept a b
0 1.19540432938e-30 False 0.3 0.2
1 2.2094823903 True 0.2993008039933732 0.20202441108228544
2 1.89735841663e-15 False 0.2993008039933732 0.20202441108228544
3 1.5414075698e-10 False 0.2993008039933732 0.20202441108228544
4 3.16350377938e-08 False 0.2993008039933732 0.20202441108228544
5 1.25840639005e-25 False 0.2993008039933732 0.20202441108228544
6 8.31754772718e-06 False 0.2993008039933732 0.20202441108228544
7 1.02001242693e+19 True 0.3025587149265831 0.24227323784786325
8 4.32705707166e-08 False 0.3025587149265831 0.24227323784786325
9 1.78336222524e-11 False 0.3025587149265831 0.24227323784786325
10 6.60035841775e+30 True 0.33874304637871666 0.25890707365813237
11 376.0677677 True 0.34025384764791083 0.2634342495577687
12 0.00556170398858 False 0.34025384764791083 0.2634342495577687
13 8.60536749581e-10 False 0.34025384764791083 0.2634342495577687
14 1.23401627278e-07 False 0.34025384764791083 0.2634342495577687
15 7.53972079278e+12 True 0.34017860156881613 0.300969911484944
16 746762376143.0 True 0.33522729069212975 0.3500678724374877
17 23314078089.0 True 0.34305995460270194 0.37151192876530975
18 0.000747061962458 False 0.34305995460270194 0.37151192876530975
19 0.000171751413612 False 0.34305995460270194 0.37151192876530975
20 9.67072677224e-10 False 0.34305995460270194 0.37151192876530975
21 2.98242244557e-12 False 0.34305995460270194 0.37151192876530975
22 0.00114503168084 False 0.34305995460270194 0.37151192876530975
23 1084513.38143 True 0.36329411194275013 0.35277904460534504
24 0.361858339241 False 0.36329411194275013 0.35277904460534504
25 8.35394767346e+13 True 0.3857018331811782 0.36569497578235466
26 1.78750904655 True 0.3799220133453961 0.3769593667536798
27 2.66091353011e+15 True 0.39954443855513033 0.4096463876384848
28 1036825.73778 True 0.4150287047583041 0.4127454752560877
29 1.92214335571e-06 False 0.4150287047583041 0.4127454752560877
30 0.0341896211643 False 0.4150287047583041 0.4127454752560877
31 0.000207811164528 False 0.4150287047583041 0.4127454752560877
32 1.55832262996 True 0.4259300597782227 0.39762185035735514
33 62726.963476 True 0.43614166122197173 0.407533324360816
34 94.9531414534 True 0.43159255853172696 0.4237904987686357
35 1.40611852889 True 0.4274156881281022 0.4307308386682247
36 0.0444945387136 False 0.4274156881281022 0.4307308386682247
37 0.0333570828796 False 0.4274156881281022 0.4307308386682247
38 4.25005058106 True 0.4376547803147943 0.4197588905165918
39 371017.43373 True 0.45487919565902596 0.43028263129283045
40 17.949465064 True 0.4509801068722288 0.44200878917692327
41 0.0395763963028 False 0.4509801068722288 0.44200878917692327
42 0.00061092335658 False 0.4509801068722288 0.44200878917692327
43 614434.218742 True 0.4619590426008541 0.4680654205873065
44 0.0392960570902 False 0.4619590426008541 0.4680654205873065
45 0.00304755035227 False 0.4619590426008541 0.4680654205873065
46 22076.7416842 True 0.4572652518632427 0.5119781151636184
47 9.35215461531e-05 False 0.4572652518632427 0.5119781151636184
48 0.776389452878 True 0.45964385548003955 0.507084034116581
49 0.102762416157 False 0.45964385548003955 0.507084034116581
50 3.95749579184 True 0.4547236410240274 0.5219064031871253
51 0.681550743687 True 0.4516269389725311 0.5261038038935083
52 2.53159543579 True 0.45131052461816573 0.5318930675031329
53 0.0762195799745 False 0.45131052461816573 0.5318930675031329
54 61.7613250899 True 0.45863495431070855 0.5407791271170752
55 243.274020548 True 0.4652711267601412 0.5708656169467191
56 0.896478885323 True 0.46598616666919884 0.567349107781223
57 0.00699466509158 False 0.46598616666919884 0.567349107781223
58 36.6781957952 True 0.4797464154606079 0.5778380110406334
59 0.348902553151 True 0.477914492229161 0.5670550240318543
60 16.3225561655 True 0.49588228243367 0.586423575945338
61 0.902695583043 False 0.49588228243367 0.586423575945338
62 0.656593956981 False 0.49588228243367 0.586423575945338
63 0.502887718023 False 0.49588228243367 0.586423575945338
64 0.764062100783 True 0.502027552071428 0.5796069039317048
65 0.203913063447 False 0.502027552071428 0.5796069039317048
66 1.42273669462 True 0.49311692216589587 0.6080014385468822
67 0.0378955170701 False 0.49311692216589587 0.6080014385468822
68 0.768830998515 True 0.5053793720589501 0.6095807728545952
69 0.977239981877 True 0.4969729196472399 0.6190687140375529
70 0.423872613321 False 0.4969729196472399 0.6190687140375529
71 0.151757970939 False 0.4969729196472399 0.6190687140375529
72 0.660173780994 False 0.4969729196472399 0.6190687140375529
73 0.0573374606062 False 0.4969729196472399 0.6190687140375529
74 0.056858911034 False 0.4969729196472399 0.6190687140375529
75 0.442638366237 False 0.4969729196472399 0.6190687140375529
76 1.1120686214 True 0.4902247634904836 0.6112780006874556
77 0.202890749883 False 0.4902247634904836 0.6112780006874556
78 0.148236731645 True 0.49270275215585674 0.6443541163524982
79 6.93494228788 True 0.5010719476007316 0.6132989190340186
80 0.899327966171 True 0.5064707588012012 0.6059682732674889
81 0.100378943538 False 0.5064707588012012 0.6059682732674889
82 0.392894624591 True 0.5157655118262734 0.5898724695839378
83 0.0805979741705 False 0.5157655118262734 0.5898724695839378
84 0.177030540537 False 0.5157655118262734 0.5898724695839378
85 1.87782086586 True 0.509838609201411 0.6065225937914047
86 1.40779173587 True 0.4929316957881163 0.6163299044858763
87 0.0414274158897 False 0.4929316957881163 0.6163299044858763
88 0.468834075254 True 0.5125033286785868 0.6108378034269168
89 1.83557896185 True 0.49517736210080776 0.6209325014805406
90 0.800042639393 True 0.4906444670141895 0.6233067882683445
91 1.14691333021 True 0.49355254887912064 0.6222954693725984
92 0.387558377453 False 0.49355254887912064 0.6222954693725984
93 0.0865878272068 True 0.4851760829112708 0.6492326516733029
94 1.35989979237 True 0.47954296878871605 0.6402214641200235
95 0.373771871657 False 0.47954296878871605 0.6402214641200235
96 2.61093412397 True 0.49755869387794166 0.6393355269375031
97 0.314739826809 False 0.49755869387794166 0.6393355269375031
98 1.03678722696 True 0.5158316691135882 0.6151236061807793
99 0.169700777736 False 0.5158316691135882 0.6151236061807793
100 0.581772149854 True 0.5163007879245346 0.5669194352912692
101 0.0202578070941 False 0.5163007879245346 0.5669194352912692
102 0.289832164911 True 0.5055753625929222 0.5439099955489843
103 3.66213765891 True 0.4915084801061854 0.5579628713673134
104 0.197603834653 False 0.4915084801061854 0.5579628713673134
105 0.10469365272 False 0.4915084801061854 0.5579628713673134
106 0.150110613041 False 0.4915084801061854 0.5579628713673134
107 7.71061762405 True 0.49545393753400035 0.5882785139672725
108 0.931778166963 True 0.4915058582336236 0.5912455318512815
109 0.214779918972 False 0.4915058582336236 0.5912455318512815
110 1.11457207396 True 0.4997140435363452 0.609262268787701
111 0.298131685306 False 0.4997140435363452 0.609262268787701
112 0.877176740983 True 0.4939734100914934 0.6144174732494339
113 0.461395897689 False 0.4939734100914934 0.6144174732494339
114 1.20030219586 True 0.49295213592304 0.6028091824029655
115 0.634772971665 True 0.5070899821630196 0.6101377067601973
116 0.825152549052 False 0.5070899821630196 0.6101377067601973
117 0.369925061327 False 0.5070899821630196 0.6101377067601973
118 1.22134592583 True 0.5055654674069139 0.6064848332894712
119 1.28008492066 True 0.5023045355612632 0.5989752226431185
120 1.01352144066 True 0.4965299946273328 0.5917432244205787
121 0.91046238871 True 0.5024823822378528 0.5903983189477968
122 1.00069271239 True 0.49515209111745867 0.611739086412141
123 0.886448943068 True 0.48978811270277095 0.6089945934749765
124 1.10484055835 True 0.49090338099511177 0.6059642620283707
125 0.776370805895 True 0.48707641112176103 0.5968553993766506
126 0.104036086464 False 0.48707641112176103 0.5968553993766506
127 0.478424229415 False 0.48707641112176103 0.5968553993766506
128 0.806847057865 True 0.5097188276866889 0.6053149944755831
129 0.493159965052 True 0.5149793947517387 0.5828566956191615
130 0.0266908273878 False 0.5149793947517387 0.5828566956191615
131 1.48189773807 True 0.5133359495451209 0.5946985335443736
132 1.49191963222 True 0.5075983960262805 0.6098882261720915
133 1.40256611891 True 0.49678538242620296 0.6141995357083122
134 0.450874916817 True 0.4818122272872839 0.6121289009454078
135 2.2615635922 True 0.5026278546758363 0.6084544816446316
136 0.80839935105 True 0.4869327488758027 0.603158272138803
137 1.11923648808 True 0.49076434416109505 0.5899060401619708
138 0.993746643526 True 0.4962714119048932 0.5831505223967267
139 1.09783185458 True 0.5050948989683856 0.5962594680833629
140 0.670962489639 False 0.5050948989683856 0.5962594680833629
141 1.18378443287 True 0.4988475753687901 0.592560455798231
142 0.890251949753 True 0.5037391331933924 0.6027753925831915
143 0.911124318285 True 0.503908776337709 0.6079956794376619
144 0.811711616145 False 0.503908776337709 0.6079956794376619
145 1.0176884833 True 0.4925805907402953 0.5888455224705292
146 0.25201291876 False 0.4925805907402953 0.5888455224705292
147 0.157633612041 False 0.4925805907402953 0.5888455224705292
148 0.753348493493 True 0.488473550092751 0.6158141647459062
149 1.44740699755 True 0.49388314213260986 0.6105961621465351
150 0.650946053888 True 0.4850871790995162 0.6045728539789667
151 1.00895879869 True 0.5073850392815394 0.6109151249218204
152 0.385026233702 False 0.5073850392815394 0.6109151249218204
153 0.150646007206 False 0.5073850392815394 0.6109151249218204
154 1.48956996674 True 0.5036414317167773 0.6041301937454668
155 0.993706034113 True 0.4967317947147608 0.6128459905009569
156 0.587369541164 True 0.4838437906368351 0.6059775149219176
157 0.132073872442 False 0.4838437906368351 0.6059775149219176
158 0.0799760097173 False 0.4838437906368351 0.6059775149219176
159 1.72074299327 True 0.500418278905428 0.5874936909853798
160 0.383164717101 True 0.5141969071646625 0.6033037400232688
161 0.935201452467 True 0.5071085926401515 0.6249702135669559
162 1.3279124427 True 0.48201792748929884 0.6005802835190265
163 1.17687732898 True 0.4857561389803277 0.5878446988842373
164 0.234247728167 False 0.4857561389803277 0.5878446988842373
165 1.08299286497 True 0.48431721761156904 0.5986676700221065
166 0.0247690803453 False 0.48431721761156904 0.5986676700221065
167 0.514117794271 True 0.483823158551664 0.5790206235069565
168 2.58607306392 True 0.5001191742464984 0.5808946098717165
169 0.339138667417 False 0.5001191742464984 0.5808946098717165
170 0.043358800768 False 0.5001191742464984 0.5808946098717165
171 1.09939313282 True 0.5012384963564918 0.5839494602785865
172 0.267251167744 False 0.5012384963564918 0.5839494602785865
173 0.125590768624 False 0.5012384963564918 0.5839494602785865
174 0.636775160048 True 0.5077586660279101 0.614844511067464
175 0.0445518975143 False 0.5077586660279101 0.614844511067464
176 0.211474273418 False 0.5077586660279101 0.614844511067464
177 0.0401465770414 False 0.5077586660279101 0.614844511067464
178 0.0378374640664 False 0.5077586660279101 0.614844511067464
179 0.0362405850826 False 0.5077586660279101 0.614844511067464
180 1.05043685406 True 0.494870512122632 0.6248358094304879
181 0.0854119972521 False 0.494870512122632 0.6248358094304879
182 0.0469682595086 False 0.494870512122632 0.6248358094304879
183 0.449014857041 True 0.5059856081151825 0.6307536944671007
184 0.816602616831 True 0.5171166129492284 0.6091829397774322
185 0.166576480459 True 0.5178577047535823 0.6361384775009895
186 0.000598312684646 False 0.5178577047535823 0.6361384775009895
187 0.555097049409 True 0.5136609633018623 0.6483388600667727
188 0.00823902426321 False 0.5136609633018623 0.6483388600667727
189 1.78505410699 True 0.5155737730304917 0.640267296604992
190 2.37565469501 True 0.5168459808821034 0.6279002396170528
191 0.271405473044 False 0.5168459808821034 0.6279002396170528
192 0.025674227797 False 0.5168459808821034 0.6279002396170528
193 2.80155768132 True 0.5150924582483085 0.6149079753965573
194 1.63191948146 True 0.5114766164612595 0.6145565612737917
195 1.25006655748 True 0.5027257035721918 0.6250524530525083
196 2.1942396584 True 0.4936209888379997 0.5933114647274437
197 0.736013176792 True 0.5075108821928974 0.5919980704398488
198 0.492739283219 False 0.5075108821928974 0.5919980704398488
199 0.145172692445 False 0.5075108821928974 0.5919980704398488
200 0.343549068586 False 0.5075108821928974 0.5919980704398488
201 0.55151657788 False 0.5075108821928974 0.5919980704398488
202 1.13060521461 True 0.5022064693663061 0.6123113656139828
203 1.00801190605 True 0.4998640937461239 0.5836391915612037
204 0.202829563444 False 0.4998640937461239 0.5836391915612037
205 0.852752096588 False 0.4998640937461239 0.5836391915612037
206 0.202422613334 False 0.4998640937461239 0.5836391915612037
207 0.239522969982 True 0.4865471466498721 0.5685994547360045
208 2.83817686038 True 0.49240831182775596 0.5780925159345586
209 1.25097798248 True 0.5077821984043498 0.5911616078341503
210 1.08199947221 True 0.5052349468232662 0.5866726840159223
211 0.0523541431628 False 0.5052349468232662 0.5866726840159223
212 0.174123294302 False 0.5052349468232662 0.5866726840159223
213 1.01771602108 True 0.5037394913264409 0.584726830143692
214 1.21115060248 True 0.5027567732116582 0.5913425250544195
215 1.03219347968 True 0.4946909430060375 0.6098971111228171
216 1.00532718022 True 0.4944470190326772 0.609441759609163
217 0.138498678886 False 0.4944470190326772 0.609441759609163
218 0.410952675993 True 0.5126401665065492 0.6069487442633675
219 0.669333910828 False 0.5126401665065492 0.6069487442633675
220 0.422152390475 False 0.5126401665065492 0.6069487442633675
221 1.95195404541 True 0.506472390720911 0.6032120323497728
222 0.138746874712 False 0.506472390720911 0.6032120323497728
223 0.151849587794 True 0.5141752309843718 0.6279623519918531
224 0.344626231106 False 0.5141752309843718 0.6279623519918531
225 1.08078061912 True 0.5152656779636821 0.6244610103126973
226 0.684784099119 True 0.5146862003798127 0.6309461111335646
227 3.9059366 True 0.5116389043220043 0.5776063993794865
228 2.64145283483 True 0.5018017140528886 0.6093254026588689
229 0.400036781272 True 0.5137691777369031 0.6050063366642371
230 1.61532072255 True 0.5092019537338227 0.6066940161345841
231 0.486606443206 True 0.5045413700770913 0.6302478094523326
232 0.0210833205419 False 0.5045413700770913 0.6302478094523326
233 0.219187379675 False 0.5045413700770913 0.6302478094523326
234 0.0023917013483 False 0.5045413700770913 0.6302478094523326
235 3.86976350242 True 0.4966055017762188 0.6009058354268105
236 0.218669505633 False 0.4966055017762188 0.6009058354268105
237 0.76946181905 True 0.49094835319091146 0.591544102971723
238 0.400338632695 True 0.48190609361081255 0.6181552190063593
239 0.201175940539 False 0.48190609361081255 0.6181552190063593
240 0.68117953133 True 0.47859298484850926 0.5907146501831079
241 1.4502257597 True 0.4859215832037823 0.5776265486303572
242 2.82067638506 True 0.49424656955103324 0.5901647998796907
243 0.088882870053 False 0.49424656955103324 0.5901647998796907
244 0.235703161349 True 0.49740987178144885 0.561879374635413
245 0.133828899798 True 0.4924999538333732 0.544782677721452
246 0.0194004516221 False 0.4924999538333732 0.544782677721452
247 2.57776044527 True 0.4918842040298583 0.5532797740473138
248 0.0311488888592 False 0.4918842040298583 0.5532797740473138
249 0.302762519203 False 0.4918842040298583 0.5532797740473138
250 1.2493967883 True 0.49909348065929016 0.5527134532581721
251 7.49723677798 True 0.499486229687947 0.5800024775945678
252 0.600354664843 True 0.5117009402204253 0.5845345326514811
253 2.10609080411 True 0.4950710655364008 0.6125972490005471
254 0.205294723025 False 0.4950710655364008 0.6125972490005471
255 0.720180608301 True 0.5089394562441201 0.5933685888137258
256 0.489827265868 False 0.5089394562441201 0.5933685888137258
257 0.749207090659 True 0.5103302297786452 0.584288633899613
258 1.39890427029 True 0.49314542398614253 0.5816527703345804
259 0.971744608635 True 0.487051553827838 0.6108738409486306
260 1.33616352301 True 0.49232578234682606 0.5907689761042313
261 0.586302242192 True 0.48596388946931884 0.6169063058645625
262 0.110083737983 False 0.48596388946931884 0.6169063058645625
263 0.393796306747 False 0.48596388946931884 0.6169063058645625
264 0.0944763185242 False 0.48596388946931884 0.6169063058645625
265 0.105324407898 False 0.48596388946931884 0.6169063058645625
266 0.788103705999 False 0.48596388946931884 0.6169063058645625
267 0.0396070563925 False 0.48596388946931884 0.6169063058645625
268 0.101767706902 True 0.4741735562945567 0.6340162907563626
269 6.9635763145 True 0.48783223380705626 0.6274644702047656
270 2.19112015092 True 0.5035190176470441 0.6104709919986361
271 0.986181451389 True 0.5061644656424747 0.6028819228342935
272 0.663549981337 True 0.5112133853519302 0.5946143500476974
273 1.00610011732 True 0.5057050796692498 0.6181219356318892
274 0.599648156522 False 0.5057050796692498 0.6181219356318892
275 0.244160332565 False 0.5057050796692498 0.6181219356318892
276 0.186748571404 False 0.5057050796692498 0.6181219356318892
277 0.367298607696 False 0.5057050796692498 0.6181219356318892
278 0.421495057801 True 0.5174903590315857 0.6014721138304943
279 0.131245160682 False 0.5174903590315857 0.6014721138304943
280 0.0304907774132 False 0.5174903590315857 0.6014721138304943
281 0.0104870933678 False 0.5174903590315857 0.6014721138304943
282 0.0255950199219 False 0.5174903590315857 0.6014721138304943
283 0.164261544501 False 0.5174903590315857 0.6014721138304943
284 0.0307800995772 False 0.5174903590315857 0.6014721138304943
285 0.0143810589925 False 0.5174903590315857 0.6014721138304943
286 0.0337205769761 False 0.5174903590315857 0.6014721138304943
287 1.81909300342 True 0.5128118731507804 0.6048365586471725
288 1.39777041952 True 0.5105210293596802 0.5962559643646409
289 1.37274257844 True 0.5068546934201837 0.5969490995351441
290 0.686738807342 False 0.5068546934201837 0.5969490995351441
291 0.275927791258 True 0.5180190833785465 0.5942157535807467
292 0.00932838977524 True 0.5313181692492231 0.6329857393919724
293 0.346996728884 False 0.5313181692492231 0.6329857393919724
294 0.68455011223 True 0.530189822445971 0.6399492531183628
295 0.294954658436 False 0.530189822445971 0.6399492531183628
296 0.58422427067 True 0.5243924585385193 0.6563323271310929
297 3.68627491192 True 0.513846233225352 0.6618737174587489
298 0.222840462525 False 0.513846233225352 0.6618737174587489
299 42.3930661655 True 0.5093039953825028 0.6350377552727504
300 0.0815061595722 False 0.5093039953825028 0.6350377552727504
301 0.0951203561439 False 0.5093039953825028 0.6350377552727504
302 0.913977098231 True 0.48317295226932877 0.6391306033768985
303 0.0329712152079 False 0.48317295226932877 0.6391306033768985
304 0.114616488375 False 0.48317295226932877 0.6391306033768985
305 1.43744041245 True 0.47947377300498245 0.6278230125100813
306 0.11653100277 False 0.47947377300498245 0.6278230125100813
307 1.77831985403 True 0.4790165219551198 0.6007560105462901
308 0.777438946757 True 0.47728724990915844 0.6064758808862981
309 3.98317737857 True 0.493956103070603 0.5892185341827034
310 0.477703338817 False 0.493956103070603 0.5892185341827034
311 0.81183666031 True 0.4931473416868708 0.5835966402431824
312 0.120767853526 False 0.4931473416868708 0.5835966402431824
313 0.0881711633538 True 0.4770353159103288 0.571312496902332
314 0.78256563441 False 0.4770353159103288 0.571312496902332
315 0.156263909527 False 0.4770353159103288 0.571312496902332
316 0.534801757813 False 0.4770353159103288 0.571312496902332
317 5.48610281863 True 0.48198713454515413 0.616614488006326
318 0.348391378368 False 0.48198713454515413 0.616614488006326
319 0.341355449823 True 0.47992892602438586 0.6337362546772092
320 0.105446571896 False 0.47992892602438586 0.6337362546772092
321 4.00858881183 True 0.4845771552964005 0.6149509960415436
322 1.70284526399 True 0.48948543649138776 0.5960396638866927
323 1.11043345245 True 0.491225588880071 0.5965064222870984
324 0.4188647259 True 0.48665541771588516 0.6251215120895465
325 2.7363469616 True 0.4995909274317572 0.5950832019232977
326 0.80202906743 True 0.5051029476685832 0.6032349048558915
327 0.122393642622 False 0.5051029476685832 0.6032349048558915
328 0.0072632659409 False 0.5051029476685832 0.6032349048558915
329 0.403454231209 True 0.5102673883912536 0.6185286312386656
330 0.884126962953 True 0.5074807633256375 0.6257065522770893
331 0.264885975977 True 0.49132168106386676 0.6479803350362672
332 0.0354071942856 False 0.49132168106386676 0.6479803350362672
333 0.708073249346 True 0.5068258739918212 0.6458732906006286
334 1.54714263453 True 0.4907868612528989 0.6469723986080103
335 3.12349126254 True 0.48068084865073074 0.587029677606183
336 0.0884009314138 True 0.46966944303580754 0.5785990560057603
337 0.57816601038 True 0.46494483763691913 0.5908999445393538
338 1.9873606144 True 0.4685695464037526 0.585929614066495
339 0.544742353593 True 0.46987760025120495 0.571193232688332
340 1.35108757247 True 0.4877415050111529 0.5450928809563261
341 1.23921880401 True 0.509811566881213 0.5436269167312076
342 5.69882336693 True 0.5113239962479205 0.5626618335936682
343 6.16056383579 True 0.49895869373670776 0.5860302469193902
344 0.662104882543 False 0.49895869373670776 0.5860302469193902
345 1.00075305871 True 0.4997791789399018 0.6119669824721216
346 1.09597843234 True 0.5009953011835842 0.5911794426841385
347 0.822981337191 False 0.5009953011835842 0.5911794426841385
348 0.421295870879 True 0.491435075558188 0.6283709189086353
349 1.69361874897 True 0.48933462428048236 0.6147866226110517
350 0.957897297606 True 0.49614652375779167 0.6208096267676125
351 0.153145276498 True 0.4958734716849883 0.645888864401281
352 1.40347123064 True 0.5063163971210928 0.6369017545800583
353 2.05607192698 True 0.49666480281284103 0.6339882587598462
354 0.00220917721168 False 0.49666480281284103 0.6339882587598462
355 0.115499395832 False 0.49666480281284103 0.6339882587598462
356 0.459124799765 True 0.5050804241706146 0.6386978199127905
357 1.09336530695 True 0.49028171453573394 0.6413664623869632
358 1.30962989862 True 0.4878453108309477 0.6368523462828425
359 2.153115404 True 0.4844056885640826 0.6192091667787202
360 0.223483520018 True 0.4742934719913611 0.6237592990195985
361 0.119856636242 False 0.4742934719913611 0.6237592990195985
362 0.169674745124 True 0.4645454715692955 0.599322592603667
363 3.30864136118 True 0.47517893792057647 0.5729865061560037
364 0.33357205098 True 0.4654826137720424 0.620412696788683
365 3.84063740466 True 0.4735967731862892 0.6282377926368755
366 0.961711116463 True 0.4912340376056478 0.6499591281218967
367 0.569014400953 False 0.4912340376056478 0.6499591281218967
368 0.0323438158385 False 0.4912340376056478 0.6499591281218967
369 0.00288568897662 False 0.4912340376056478 0.6499591281218967
370 0.0821442049844 False 0.4912340376056478 0.6499591281218967
371 0.07504893343 True 0.4950048837249235 0.6695664605445252
372 10.7633670586 True 0.5160818167361211 0.6344428364343775
373 0.137730446759 False 0.5160818167361211 0.6344428364343775
374 7.92965894105 True 0.49639072857578953 0.6292890910493316
375 0.665124966697 True 0.48810395304616716 0.6323007873556412
376 0.514638656103 False 0.48810395304616716 0.6323007873556412
377 0.613510206196 False 0.48810395304616716 0.6323007873556412
378 2.20611217034 True 0.49230156154264265 0.6216845563749694
379 0.628738762223 False 0.49230156154264265 0.6216845563749694
380 0.289140923992 True 0.48080679067639176 0.629547904555052
381 1.70157674956 True 0.4848999713923501 0.6273644060751816
382 1.0087422815 True 0.4791513296425614 0.6025561087714564
383 0.19123088226 False 0.4791513296425614 0.6025561087714564
384 2.44793288803 True 0.49065973589496475 0.5872601124040386
385 0.0691101439635 False 0.49065973589496475 0.5872601124040386
386 1.43911524868 True 0.49952548767440014 0.6028605039567025
387 0.144718677736 False 0.49952548767440014 0.6028605039567025
388 0.979029678487 True 0.5011608077828902 0.5986672798309252
389 0.306543373322 False 0.5011608077828902 0.5986672798309252
390 1.04318444377 True 0.49596780764685783 0.6013576356660122
391 0.756125413033 True 0.4949899895779494 0.615633290498143
392 0.439882522402 False 0.4949899895779494 0.615633290498143
393 1.32755278982 True 0.49759667375157873 0.5971712905954278
394 0.665019522562 True 0.4904919264062192 0.5869774677071156
395 0.574103026539 True 0.48158403800577904 0.6038944868577177
396 2.12255716725 True 0.5049275190814082 0.5993470911686422
397 0.469700904824 False 0.5049275190814082 0.5993470911686422
398 0.0189782654611 False 0.5049275190814082 0.5993470911686422
399 0.425342255625 False 0.5049275190814082 0.5993470911686422
400 0.16724089969 True 0.5133055923499309 0.626468376069135
401 0.127991413835 False 0.5133055923499309 0.626468376069135
402 1.63682017161 True 0.5157353900201054 0.6097050322353196
403 3.40305890097 True 0.5050998243769892 0.6054091429153295
404 0.860910723191 True 0.4954167747620355 0.6195042175144065
405 1.1697131035 True 0.4951931695501422 0.6154277845400964
406 0.379011545945 True 0.5137776131798215 0.6101260183142825
407 0.219555814917 False 0.5137776131798215 0.6101260183142825
408 2.48080380853 True 0.5065195654871242 0.6024376604070737
409 0.636971232743 True 0.5112959988013847 0.6035910834107894
410 1.21001912271 True 0.5095037852380728 0.6031939504429966
411 0.936359357484 True 0.5104211758150751 0.592300376289994
412 1.42739241056 True 0.49924629485680544 0.615610942402742
413 0.123573826349 False 0.49924629485680544 0.615610942402742
414 0.274409267666 False 0.49924629485680544 0.615610942402742
415 0.208091195026 True 0.48933531985158074 0.6396028351139417
416 1.04855612659 True 0.47718066397733305 0.6192991300696947
417 1.89328316913 True 0.48015429744158533 0.6099361040481055
418 2.26254372642 True 0.4875565847071372 0.6036551756074368
419 0.748099218359 True 0.49120528341670766 0.6226105899667999
420 0.0141291657581 False 0.49120528341670766 0.6226105899667999
421 1.44502521795 True 0.4898413652930983 0.60980269682723
422 0.204367876351 True 0.48550799260901395 0.6369443917443209
423 5.20279613861 True 0.49899313252483557 0.6136841481180988
424 0.153648584045 False 0.49899313252483557 0.6136841481180988
425 0.546187755078 True 0.4888128792549524 0.6239317555802087
426 0.667442625653 False 0.4888128792549524 0.6239317555802087
427 0.0406128241209 False 0.4888128792549524 0.6239317555802087
428 0.193814899564 True 0.47375058499263834 0.6220571643363242
429 2.74656283497 True 0.47925527957553715 0.6172093584974188
430 0.908102263757 False 0.47925527957553715 0.6172093584974188
431 1.83506127012 True 0.482424428745363 0.6028326841660483
432 1.40199726584 True 0.4868056169612338 0.5928708014366952
433 0.0263316386237 False 0.4868056169612338 0.5928708014366952
434 1.42217116178 True 0.49193389572522067 0.5934754934640428
435 0.00975129894669 False 0.49193389572522067 0.5934754934640428
436 0.254946542332 False 0.49193389572522067 0.5934754934640428
437 0.48368908288 False 0.49193389572522067 0.5934754934640428
438 0.757266285993 True 0.5083369098955932 0.5983846405514757
439 0.747169200004 False 0.5083369098955932 0.5983846405514757
440 0.831936700388 True 0.5092764763870092 0.6065689990476943
441 0.0165076543528 False 0.5092764763870092 0.6065689990476943
442 0.442742740784 True 0.5120455535185515 0.6201561631368606
443 0.0207673748512 False 0.5120455535185515 0.6201561631368606
444 0.00872380364497 False 0.5120455535185515 0.6201561631368606
445 0.213213888862 False 0.5120455535185515 0.6201561631368606
446 3.3198154515 True 0.502254390360101 0.6107805396111097
447 0.309391476568 False 0.502254390360101 0.6107805396111097
448 0.829747479968 True 0.5046809162426547 0.5833262943435131
449 1.53795762907 True 0.498421580719938 0.6022308281497253
450 1.00868635261 True 0.4964764940226718 0.5996673274922748
451 0.164629413793 False 0.4964764940226718 0.5996673274922748
452 0.287161641496 False 0.4964764940226718 0.5996673274922748
453 0.369754531719 False 0.4964764940226718 0.5996673274922748
454 0.592477756131 True 0.49180821237154315 0.6199246115739481
455 1.42033854714 True 0.4926824383012471 0.6096274088453483
456 1.12831906605 True 0.4941707841322022 0.6039393919558722
457 0.645655569278 False 0.4941707841322022 0.6039393919558722
458 0.897898496637 True 0.5035944369135213 0.602281600991127
459 0.00219038347804 False 0.5035944369135213 0.602281600991127
460 0.902876025524 True 0.49772471741709917 0.6149634921205409
461 1.08106108204 True 0.5023583278794517 0.6077357042642453
462 0.480380631269 False 0.5023583278794517 0.6077357042642453
463 0.882627042751 True 0.5060290609955348 0.5925821133633643
464 0.831084852023 True 0.5061068168958307 0.6113409024653176
465 1.3344519912 True 0.4918037195278071 0.5921876770702185
466 0.330596042345 False 0.4918037195278071 0.5921876770702185
467 0.528332833052 True 0.4830575786321853 0.5963061769056285
468 0.0896869701441 False 0.4830575786321853 0.5963061769056285
469 0.0366368055956 False 0.4830575786321853 0.5963061769056285
470 1.1129213461 True 0.483613371373596 0.6043376815291023
471 0.510426518746 False 0.483613371373596 0.6043376815291023
472 1.41289244874 True 0.4888184594381907 0.6113941759401516
473 1.3625301465 True 0.49534769446406024 0.6079063154471707
474 0.0478456220817 False 0.49534769446406024 0.6079063154471707
475 0.591739951901 False 0.49534769446406024 0.6079063154471707
476 0.485694105286 True 0.5062873999600295 0.5763898940143901
477 1.81630713685 True 0.5041212430307761 0.5922228333018815
478 0.84579019355 True 0.5069788339013033 0.6025411926617824
479 1.31011434283 True 0.5005504671903586 0.5910083780987309
480 0.538942275158 True 0.5109314915073122 0.6014785268754818
481 0.0536257995715 False 0.5109314915073122 0.6014785268754818
482 0.213394721925 True 0.5215166661398924 0.588029694639808
483 0.16259661261 False 0.5215166661398924 0.588029694639808
484 0.492463052472 False 0.5215166661398924 0.588029694639808
485 0.780280479195 False 0.5215166661398924 0.588029694639808
486 2.70745554896 True 0.5121297406611501 0.5763843425378278
487 0.0360227299666 False 0.5121297406611501 0.5763843425378278
488 0.688282479462 False 0.5121297406611501 0.5763843425378278
489 2.21219959795 True 0.5050969524571685 0.6130078149682745
490 0.234674086393 False 0.5050969524571685 0.6130078149682745
491 0.139087123621 False 0.5050969524571685 0.6130078149682745
492 0.141438435489 False 0.5050969524571685 0.6130078149682745
493 1.31115623614 True 0.5041010635889759 0.6040730268487227
494 0.209208141265 False 0.5041010635889759 0.6040730268487227
495 0.518335873256 True 0.4994605096534457 0.6267380079928622
496 1.74808485127 True 0.5050429559072432 0.6067065956708404
497 0.817331230181 False 0.5050429559072432 0.6067065956708404
498 1.09842538657 True 0.4945272817784252 0.587610707424493
499 0.222397426344 True 0.514836295129818 0.6179351591018339
500 0.066116011899 False 0.514836295129818 0.6179351591018339
501 1.79647797929 True 0.5145999940194628 0.595102808200355
502 1.09832544544 True 0.5016784674941277 0.6280820076570747
503 2.00090341602 True 0.5065831018039214 0.5929865725017955
504 0.717177096851 True 0.5092899993869766 0.5858820199131213
505 0.423397685878 True 0.5019500739252681 0.5625786615287898
506 0.603878573438 False 0.5019500739252681 0.5625786615287898
507 0.675383968525 True 0.5196836280837994 0.5896725020261646
508 4.21257778372 True 0.504617004359885 0.5818596260972049
509 0.13489801987 False 0.504617004359885 0.5818596260972049
510 0.800038645945 True 0.5010591382941628 0.5745131930729158
511 0.912397967994 True 0.4966604531717491 0.5730843966397545
512 0.0482552326063 False 0.4966604531717491 0.5730843966397545
513 1.95823743267 True 0.5029593643644998 0.6022569917762202
514 0.624536434523 False 0.5029593643644998 0.6022569917762202
515 0.944119516785 True 0.49915231422192785 0.6119220617364753
516 0.237500081629 False 0.49915231422192785 0.6119220617364753
517 0.321581637877 False 0.49915231422192785 0.6119220617364753
518 0.0961309552435 False 0.49915231422192785 0.6119220617364753
519 0.071933403224 False 0.49915231422192785 0.6119220617364753
520 0.843875065636 False 0.49915231422192785 0.6119220617364753
521 0.479359671678 True 0.5126401889109151 0.5903226391808987
522 0.18642383931 False 0.5126401889109151 0.5903226391808987
523 0.0561291798229 False 0.5126401889109151 0.5903226391808987
524 1.48066066531 True 0.5070532045691302 0.6101016372941717
525 0.405645753181 True 0.5166678085460048 0.5915791313467439
526 0.996458309093 True 0.5145108872999397 0.5788850863595921
527 1.98712290637 True 0.5033321784592936 0.5748130229651779
528 0.456744332517 True 0.5021367446389869 0.5626151052742512
529 0.0384040447463 False 0.5021367446389869 0.5626151052742512
530 0.215337611251 False 0.5021367446389869 0.5626151052742512
531 1.72238400482 True 0.5082075753361145 0.5751122613725104
532 0.822009597989 True 0.5090297572570024 0.5725269598401966
533 0.13737510521 False 0.5090297572570024 0.5725269598401966
534 0.497631429147 True 0.516303018532743 0.5738469725952602
535 3.41755632951 True 0.5044503664387097 0.5776099528515084
536 1.26809133854 True 0.4960492890535953 0.5807992160589244
537 0.279929862249 True 0.5086147800799575 0.5642200174042468
538 3.34361322984 True 0.49003630330568326 0.5857004002404036
539 0.0531199241282 False 0.49003630330568326 0.5857004002404036
540 1.29049143339 True 0.4931139887414756 0.5887462950589055
541 0.667099653222 False 0.4931139887414756 0.5887462950589055
542 0.512624779158 True 0.5026713431751134 0.57185244092343
543 0.128362898211 False 0.5026713431751134 0.57185244092343
544 1.94413855891 True 0.4987677937239545 0.5850990976673837
545 0.197545793285 False 0.4987677937239545 0.5850990976673837
546 0.111065737179 False 0.4987677937239545 0.5850990976673837
547 1.25981794599 True 0.4965014197071616 0.5994497762421171
548 0.651659145729 False 0.4965014197071616 0.5994497762421171
549 0.552434051755 False 0.4965014197071616 0.5994497762421171
550 0.0243430820612 False 0.4965014197071616 0.5994497762421171
551 0.829566096556 True 0.4911573321753106 0.5952714522136968
552 0.274389235007 False 0.4911573321753106 0.5952714522136968
553 0.561375811256 False 0.4911573321753106 0.5952714522136968
554 1.0673815246 True 0.4966743217241991 0.5893613311175293
555 0.0293145851832 False 0.4966743217241991 0.5893613311175293
556 0.91247014309 True 0.4899636465773191 0.600414143959312
557 0.237245199013 True 0.47733191374995754 0.5949166165958621
558 1.72495238238 True 0.48085499977749513 0.6101103916238572
559 0.860369210212 True 0.48131835462432077 0.6185133570085161
560 1.34033947819 True 0.4828118751682919 0.5917053886833363
561 0.140888701341 False 0.4828118751682919 0.5917053886833363
562 0.00820778668017 False 0.4828118751682919 0.5917053886833363
563 0.807369736559 True 0.4883595689120415 0.5739823511733844
564 2.65904133497 True 0.49059966738616023 0.6057460824818566
565 0.688188671932 True 0.49949603212536775 0.5768183056786791
566 1.10246070447 True 0.4991399762504074 0.578823364543414
567 0.0080693477549 False 0.4991399762504074 0.578823364543414
568 0.905936943699 True 0.5092573050706423 0.6031401498702973
569 1.1986621616 True 0.5076191192557244 0.5971677492490594
570 0.415457838521 True 0.5148212421381231 0.5855597453418827
571 0.647166503199 True 0.518078414459853 0.6031007492478992
572 0.00648625712595 False 0.518078414459853 0.6031007492478992
573 0.446190724675 True 0.5201987127950205 0.616159409649256
574 1.78815966463 True 0.5196628930682725 0.6004971216586615
575 1.71523861629 True 0.5126256022888326 0.5748451425431809
576 0.684976214846 True 0.503732205894647 0.5601797504977177
577 0.0974450496113 False 0.503732205894647 0.5601797504977177
578 3.80657136913 True 0.5077884501017901 0.602306852873762
579 0.106671717853 False 0.5077884501017901 0.602306852873762
580 0.786915625407 True 0.5078206209914917 0.5819209622544371
581 0.46260418288 True 0.5160658397255996 0.6056140104755752
582 0.201731242637 False 0.5160658397255996 0.6056140104755752
583 0.00920083797034 False 0.5160658397255996 0.6056140104755752
584 0.162590205921 False 0.5160658397255996 0.6056140104755752
585 2.69258577127 True 0.5070475858017331 0.6071406078930096
586 0.383729165499 False 0.5070475858017331 0.6071406078930096
587 0.0999967777201 False 0.5070475858017331 0.6071406078930096
588 0.53455739866 False 0.5070475858017331 0.6071406078930096
589 0.404087550124 True 0.5056829261464622 0.6291565567299299
590 1.07068207028 True 0.5113435998020357 0.6187235187650163
591 2.18534356518 True 0.505340257875511 0.6135370686122918
592 0.229784792948 False 0.505340257875511 0.6135370686122918
593 0.00621346504676 False 0.505340257875511 0.6135370686122918
594 1.00075870064 True 0.4882470541083571 0.6146967260952252
595 1.20824062663 True 0.48828879517181434 0.6030400490297807
596 0.926552506818 True 0.48949806333914664 0.613325284756087
597 1.02149796433 True 0.48781761634641335 0.5973371122640875
598 0.504140727225 False 0.48781761634641335 0.5973371122640875
599 1.06780577211 True 0.4900016317159054 0.5918695630477033
600 1.04251895953 True 0.5013929570019181 0.6125434994975956
601 0.096546810595 True 0.5227898952525788 0.605083885444077
602 1.5752105586 True 0.5121144739341417 0.6307355905122314
603 0.179554377354 False 0.5121144739341417 0.6307355905122314
604 0.0134412803171 False 0.5121144739341417 0.6307355905122314
605 1.30130782605 True 0.5110619521281419 0.6289904685951802
606 4.07081173702 True 0.5044900704994392 0.6143653486381795
607 0.624809827483 False 0.5044900704994392 0.6143653486381795
608 1.55954620001 True 0.49496214276753564 0.5959168810914085
609 0.532210899669 True 0.509815455481727 0.6056683058278317
610 1.26818139123 True 0.5072409106700199 0.5895680755236553
611 0.707590045996 True 0.5029095286660894 0.5739906318931322
612 0.154194997733 False 0.5029095286660894 0.5739906318931322
613 1.96387313856 True 0.4930397784073928 0.5951706429293423
614 0.837200072756 True 0.494706747825981 0.5851322047623949
615 1.20112399044 True 0.5010033020346071 0.5918592144531577
616 1.07162961754 True 0.4989662087641729 0.6040535605006359
617 0.103098238517 False 0.4989662087641729 0.6040535605006359
618 0.453192392797 True 0.5076747880755186 0.6167555660873115
619 0.750256370723 True 0.5057719698742457 0.6252285092551385
620 0.0325311503596 False 0.5057719698742457 0.6252285092551385
621 2.15410682304 True 0.503223074455501 0.6122598579758316
622 0.0505245156783 False 0.503223074455501 0.6122598579758316
623 1.06099226672 True 0.5019792015041487 0.6122211500184477
624 0.66585062958 True 0.492714617320062 0.6239805276955361
625 0.691892044579 True 0.5076811831587402 0.6215565798778722
626 0.165825879196 False 0.5076811831587402 0.6215565798778722
627 0.86202641066 True 0.5091177368081179 0.621729494647205
628 0.107669198524 True 0.5186543436136157 0.6338541636536661
629 1.78052572952 True 0.5245615070591024 0.5879802441817432
630 1.24238696355 True 0.5168645714204962 0.5626055084913173
631 0.0162722199622 False 0.5168645714204962 0.5626055084913173
632 0.226742199224 False 0.5168645714204962 0.5626055084913173
633 8.4825805224 True 0.5050675480756749 0.5820271837278284
634 0.664186472966 True 0.48908545854371044 0.5775620039068231
635 0.449058792265 True 0.49081046621446717 0.5640425208388491
636 0.735051442583 True 0.48059695524699575 0.5746933586617367
637 0.349727635543 True 0.4988768509359054 0.5470497868433412
638 0.0642790946511 False 0.4988768509359054 0.5470497868433412
639 0.175897099118 False 0.4988768509359054 0.5470497868433412
640 0.392015087461 False 0.4988768509359054 0.5470497868433412
641 0.549777098554 False 0.4988768509359054 0.5470497868433412
642 2.17849322481 True 0.5003954401761498 0.5540779851344202
643 1.82716846851 True 0.4891851190300085 0.5658352588531987
644 0.000726468384931 False 0.4891851190300085 0.5658352588531987
645 1.12199462373 True 0.49313866054743655 0.563994666937326
646 1.13920532772e-05 False 0.49313866054743655 0.563994666937326
647 1.22973565491 True 0.48947564381927433 0.5697863289587642
648 3.38967272288 True 0.4986146218532699 0.5880039050520737
649 0.853740041746 True 0.49028677020637484 0.6112329256808215
650 0.934234262367 True 0.48879407916276857 0.5927607962126556
651 0.695484267317 True 0.48436462044907047 0.6111059487310282
652 1.80652751259 True 0.4922389619918509 0.6070914953072086
653 0.312426458533 False 0.4922389619918509 0.6070914953072086
654 0.972524098311 True 0.5039265719755234 0.5944987401927682
655 0.441312225505 True 0.5091262975636379 0.6174666987135567
656 2.0065180953 True 0.5018164710607889 0.6128140732810575
657 0.922485415925 True 0.5073355213851644 0.5957753710560459
658 0.408930992351 True 0.5143722300560307 0.6081669751450194
659 2.75919673608 True 0.5017290735667634 0.6116118410983266
660 1.2808337121 True 0.49895374900251716 0.6005735852052921
661 0.0961129512778 False 0.49895374900251716 0.6005735852052921
662 0.0805980644929 False 0.49895374900251716 0.6005735852052921
663 0.416813388912 False 0.49895374900251716 0.6005735852052921
664 0.915255455592 True 0.49761218805393104 0.5902297424172319
665 0.372263717265 False 0.49761218805393104 0.5902297424172319
666 0.330043431747 False 0.49761218805393104 0.5902297424172319
667 0.329067193623 False 0.49761218805393104 0.5902297424172319
668 0.515781204669 False 0.49761218805393104 0.5902297424172319
669 0.558558687643 False 0.49761218805393104 0.5902297424172319
670 0.432258478689 False 0.49761218805393104 0.5902297424172319
671 0.969261723071 True 0.49897971979126454 0.5889109343793733
672 0.536358522412 True 0.509228095006043 0.5829792386728967
673 1.13896621874 True 0.5071070850283032 0.5821029439207759
674 0.578706429816 False 0.5071070850283032 0.5821029439207759
675 0.287670133906 False 0.5071070850283032 0.5821029439207759
676 0.354595181419 True 0.48868225132774623 0.5667887860296403
677 0.369016026979 True 0.4896760514044844 0.5549463425052725
678 0.149052263807 False 0.4896760514044844 0.5549463425052725
679 1.93591308357 True 0.4878598114126068 0.5635848751088787
680 2.29303319363 True 0.501685262300543 0.5674175335325214
681 0.796864921222 True 0.5064181187843365 0.5665293800163637
682 0.0652336548596 False 0.5064181187843365 0.5665293800163637
683 0.891082265075 True 0.5152857125563404 0.5796531972064132
684 0.3143576741 True 0.523628728138931 0.5988330963000391
685 0.608834058091 False 0.523628728138931 0.5988330963000391
686 1.36702872289 True 0.5189002212309973 0.6175750701479166
687 5.07955267529 True 0.5057132663694146 0.5774043548532417
688 0.144582121432 True 0.5035448851496488 0.5508848076366226
689 0.134444509596 False 0.5035448851496488 0.5508848076366226
690 1.01512954386 True 0.5088341288477869 0.5533046299869344
691 0.798068113674 True 0.4850196143004598 0.5574321116708592
692 0.732395138691 True 0.4915035818890816 0.5488923669020305
693 0.000892485208518 False 0.4915035818890816 0.5488923669020305
694 22.2525887399 True 0.4956497941703846 0.6079012775438801
695 1.01302485403 True 0.49325975474558753 0.6014516184614431
696 0.987247032126 False 0.49325975474558753 0.6014516184614431
697 0.594980508486 True 0.5079752161622705 0.6092678197482448
698 0.191272308529 True 0.521364853441649 0.6003175340150765
699 2.07984963377 True 0.514929276530203 0.6129400040149383
700 2.11411642728 True 0.5109548517263031 0.5892971741952007
701 0.814288125767 True 0.5128853047099946 0.5894625837844438
702 0.174373410852 False 0.5128853047099946 0.5894625837844438
703 0.0498578943169 False 0.5128853047099946 0.5894625837844438
704 1.01505001878 True 0.5107244678257058 0.612252781281624
705 1.28728519274 True 0.5100043443481926 0.6058899072606871
706 1.16693150041 True 0.5089943155369168 0.5916844507034486
707 1.18112044304 True 0.5036410567426997 0.6125845772530795
708 0.717406848739 True 0.5059750656460207 0.6173067492228383
709 0.745339125781 True 0.5014055075108463 0.6277583105370955
710 0.0726416934419 False 0.5014055075108463 0.6277583105370955
711 0.497540516447 False 0.5014055075108463 0.6277583105370955
712 0.308711310484 True 0.505728192993343 0.6390919966132492
713 0.145386589994 True 0.5136490660260256 0.6485162529256291
714 13.0285441382 True 0.5010741374004919 0.6352716517159305
715 1.64390752436 True 0.4998783809432925 0.6292649143206297
716 0.697446992884 True 0.4967293473979952 0.635163615622054
717 1.15531188763 True 0.48862034810201066 0.6309006075373169
718 0.0531769423065 False 0.48862034810201066 0.6309006075373169
719 0.908446552123 True 0.49097424268510326 0.6337469352113474
720 2.4961462016 True 0.492231171219692 0.6181399409728094
721 0.0151861391801 False 0.492231171219692 0.6181399409728094
722 0.771747107326 True 0.5072926926132649 0.6144953702740522
723 1.52138083925 True 0.5005085197991965 0.6137144876058649
724 1.25314655502 True 0.4995714039902244 0.5934044963538424
725 0.117053620939 False 0.4995714039902244 0.5934044963538424
726 0.974618955778 True 0.5018865483910546 0.6006884186268798
727 0.636530904004 True 0.4962840480184982 0.6215855757399545
728 0.193864842032 True 0.49762086196178024 0.643616569807032
729 0.714269855646 True 0.49437329364283805 0.6472961875943266
730 8.72530110074 True 0.4994302253302927 0.6162964946363275
731 1.3291667933 True 0.5003884015400285 0.6037228866046207
732 0.131714346521 False 0.5003884015400285 0.6037228866046207
733 0.393864710252 False 0.5003884015400285 0.6037228866046207
734 0.887302676701 True 0.4911099590743653 0.59657357277507
735 0.509385544419 True 0.4882037676182649 0.5801675678351429
736 0.940439024378 True 0.4853318580465776 0.5847942869088291
737 0.370935628704 False 0.4853318580465776 0.5847942869088291
738 0.569039104029 False 0.4853318580465776 0.5847942869088291
739 0.224063968825 False 0.4853318580465776 0.5847942869088291
740 0.637324357411 False 0.4853318580465776 0.5847942869088291
741 1.54952988297 True 0.5018790530705012 0.6175398909705745
742 0.124539503059 False 0.5018790530705012 0.6175398909705745
743 0.657524842039 False 0.5018790530705012 0.6175398909705745
744 0.673025276441 False 0.5018790530705012 0.6175398909705745
745 0.279440438188 False 0.5018790530705012 0.6175398909705745
746 0.0425502576644 True 0.5018258654242814 0.6549800220586091
747 1.22277320081 True 0.5127477854168249 0.6436735559225759
748 0.319794342968 False 0.5127477854168249 0.6436735559225759
749 4.53905182522 True 0.5185646325661011 0.608340888774427
750 5.63787028141 True 0.5026578181315839 0.6071941786783979
751 0.149895399006 False 0.5026578181315839 0.6071941786783979
752 0.0972451254679 False 0.5026578181315839 0.6071941786783979
753 0.16392989204 False 0.5026578181315839 0.6071941786783979
754 0.79041758067 True 0.5070676877169317 0.6053178464865007
755 1.4994279583 True 0.4954642207910363 0.5981113831446147
756 0.923694435482 True 0.49817646618999933 0.6087905240264994
757 0.886669352339 False 0.49817646618999933 0.6087905240264994
758 0.1034449262 False 0.49817646618999933 0.6087905240264994
759 0.49193149859 True 0.4847068320800929 0.6153307038445626
760 1.9836949298 True 0.4998096723226873 0.608660814195675
761 0.300889343683 False 0.4998096723226873 0.608660814195675
762 1.09327554342 True 0.4994458594710838 0.6033263756112999
763 0.475106797661 True 0.48770649101173474 0.6210546989026786
764 0.0592031863272 False 0.48770649101173474 0.6210546989026786
765 1.80131912128 True 0.4948565332867309 0.6123371754886008
766 0.280525223137 True 0.5013133619979498 0.6341459850470036
767 0.112568905993 True 0.48514547075335057 0.6546955252910049
768 7.82502293971e-06 False 0.48514547075335057 0.6546955252910049
769 0.0772770970791 False 0.48514547075335057 0.6546955252910049
770 0.209388092201 False 0.48514547075335057 0.6546955252910049
771 5.74943105963 True 0.4877508530622023 0.6388346685946182
772 1.92913288143 True 0.4819509568371109 0.6199159430145837
773 0.0620500271016 False 0.4819509568371109 0.6199159430145837
774 0.644881890266 False 0.4819509568371109 0.6199159430145837
775 2.90155543028 True 0.49466464348019906 0.611615378176566
776 0.412323360157 False 0.49466464348019906 0.611615378176566
777 0.437679618197 True 0.49486548580190204 0.6297107333955638
778 0.503997050117 True 0.47839756204492156 0.620006990152528
779 1.26915748955 True 0.4784928909978454 0.5964503798745652
780 0.115388721189 False 0.4784928909978454 0.5964503798745652
781 2.63178227167 True 0.4862990281397397 0.6028378707812855
782 1.57459208562 True 0.49772334747670616 0.6043203960571418
783 0.986793847692 True 0.5006004755041467 0.5996538066668847
784 0.719353947526 True 0.5064305819793546 0.5904192039198795
785 0.626297090915 True 0.5066930556248525 0.5762825358666787
786 0.178778614445 False 0.5066930556248525 0.5762825358666787
787 0.781479145451 True 0.49758673344953447 0.5685635893301269
788 1.09104679413 True 0.5085199433033424 0.5755198296132296
789 2.21757412076 True 0.5013008475155821 0.6100304786612196
790 0.335314016781 False 0.5013008475155821 0.6100304786612196
791 0.0203161735589 False 0.5013008475155821 0.6100304786612196
792 0.678942263098 True 0.4929646940418215 0.6219661258020049
793 1.6670629712 True 0.4977185896555047 0.6077629490838313
794 0.966615467 True 0.49768276573112835 0.5897493045398815
795 1.08199937546 True 0.4981359490955439 0.5944568870753143
796 0.529575385695 False 0.4981359490955439 0.5944568870753143
797 0.397514139757 True 0.4817642248753059 0.6054304964968062
798 1.06014211537 True 0.4826559860329212 0.596234748920901
799 0.00221255301901 False 0.4826559860329212 0.596234748920901
800 0.0159437587125 False 0.4826559860329212 0.596234748920901
801 1.50231235081 True 0.48695550933293863 0.5945360728104406
802 0.772828848563 False 0.48695550933293863 0.5945360728104406
803 1.10010370837 True 0.5015966349591884 0.6157554605704945
804 0.326936871828 False 0.5015966349591884 0.6157554605704945
805 0.512497748831 False 0.5015966349591884 0.6157554605704945
806 0.974898536816 True 0.5027413710266353 0.6150683649909663
807 1.22421654355 True 0.4983538945686567 0.6131947700404184
808 0.948863820548 True 0.5045563971287373 0.5899409156779785
809 0.67868738236 True 0.5042481769032611 0.6187385066144137
810 1.25719598191 True 0.5076651009867368 0.6020646376624744
811 1.29406742858 True 0.49852821947728876 0.611502619315636
812 0.45946039321 False 0.49852821947728876 0.611502619315636
813 0.000423059380341 False 0.49852821947728876 0.611502619315636
814 0.381093005587 True 0.4811327743210912 0.6131835830511533
815 0.335086138499 False 0.4811327743210912 0.6131835830511533
816 2.69658690705 True 0.5034704113979913 0.5969449456541941
817 0.276817093024 False 0.5034704113979913 0.5969449456541941
818 0.760527684001 True 0.5073192556872907 0.5913963494777941
819 0.566316645162 False 0.5073192556872907 0.5913963494777941
820 0.227424698261 True 0.5108678585148992 0.6293518945438491
821 5.37736654233 True 0.49872702450129447 0.6129631082989702
822 0.445592372437 True 0.5092295420241295 0.6178398105885438
823 1.86766612226 True 0.5076170764296891 0.5973665795124827
824 1.05338820847 True 0.4980179815375048 0.6170388578790039
825 0.370981439421 True 0.505093585803264 0.629401361600711
826 1.59963607354 True 0.5122027678965937 0.6014877305070588
827 0.242417449202 False 0.5122027678965937 0.6014877305070588
828 1.15632511556 True 0.49058139917833854 0.5792765905271137
829 0.203951650613 False 0.49058139917833854 0.5792765905271137
830 0.123175613465 False 0.49058139917833854 0.5792765905271137
831 1.31571250078 True 0.4866696072939277 0.6021204650986407
832 1.15220228153 True 0.49328961908682123 0.6152009233678508
833 0.504518153563 True 0.49571608271913 0.6295784149282319
834 0.154665785849 False 0.49571608271913 0.6295784149282319
835 0.119562058618 True 0.524723500201148 0.6084500406107846
836 2.78119311599 True 0.5204277768960566 0.587098807209409
837 0.0178308850688 False 0.5204277768960566 0.587098807209409
838 0.0774530144882 False 0.5204277768960566 0.587098807209409
839 0.212464164808 False 0.5204277768960566 0.587098807209409
840 0.51039921825 False 0.5204277768960566 0.587098807209409
841 4.19023363771 True 0.5055762816326158 0.5788174458081589
842 0.139437080187 False 0.5055762816326158 0.5788174458081589
843 1.35733504808 True 0.4962341864203594 0.5823430650760125
844 0.170965179516 True 0.5138093361293629 0.6270962043976359
845 0.169223754158 False 0.5138093361293629 0.6270962043976359
846 0.0773657578399 False 0.5138093361293629 0.6270962043976359
847 0.531969114462 True 0.519587158191662 0.6223856878673113
848 0.0106938165731 False 0.519587158191662 0.6223856878673113
849 0.508102885254 True 0.5272466914667705 0.5896135306654485
850 1.44305275423 True 0.5254528025221218 0.5870125871845844
851 5.10415087589 True 0.5162260266674584 0.6035358405033662
852 0.138783910807 True 0.5261409536774203 0.6077114962331589
853 4.53954632605 True 0.5195997844426751 0.592413589302817
854 0.0600261542994 False 0.5195997844426751 0.592413589302817
855 0.560857435707 True 0.5133302962236558 0.5594657954384284
856 0.243371268548 False 0.5133302962236558 0.5594657954384284
857 6.66364899339 True 0.5036327006636927 0.5787325571068922
858 0.0283226277639 False 0.5036327006636927 0.5787325571068922
859 0.279810093552 False 0.5036327006636927 0.5787325571068922
860 1.29743745727 True 0.4950351725983772 0.5840924687683724
861 1.14350772512 True 0.5042225471144339 0.5963616815584867
862 0.256621028714 False 0.5042225471144339 0.5963616815584867
863 0.534872740437 True 0.51154840947562 0.5903963059462407
864 2.14345366559 True 0.4974205489396299 0.5934703097781604
865 0.151618998851 False 0.4974205489396299 0.5934703097781604
866 0.318890396386 False 0.4974205489396299 0.5934703097781604
867 0.742505554075 False 0.4974205489396299 0.5934703097781604
868 0.679316548189 False 0.4974205489396299 0.5934703097781604
869 0.907231225053 True 0.5016613509510133 0.6067212675705846
870 0.48122909626 True 0.48867873801126294 0.6242958143409569
871 0.247642871534 True 0.4779431395025881 0.6308381801542909
872 1.04088136965 True 0.48672881824469855 0.6419765765834282
873 0.00474413534668 False 0.48672881824469855 0.6419765765834282
874 0.9444033386 True 0.47736319946179984 0.6297555072581363
875 2.74243416716 True 0.49079398019986986 0.632551911849966
876 0.0909794270796 False 0.49079398019986986 0.632551911849966
877 0.0630537520899 False 0.49079398019986986 0.632551911849966
878 2.85981315058 True 0.49478287503553564 0.6135319889478722
879 1.23227440949 True 0.4982409432865158 0.6029861626721305
880 0.809660002268 True 0.5007080895088917 0.6118093606164315
881 0.885197467588 True 0.5008577920302281 0.5823991412837746
882 0.155370082902 False 0.5008577920302281 0.5823991412837746
883 0.0793693612996 False 0.5008577920302281 0.5823991412837746
884 0.264284170304 True 0.4813811455698798 0.578588954995055
885 0.0136975013441 False 0.4813811455698798 0.578588954995055
886 5.25685752212 True 0.4953409250169199 0.5984177563470479
887 0.897998770241 False 0.4953409250169199 0.5984177563470479
888 0.0366450874367 False 0.4953409250169199 0.5984177563470479
889 0.272617851532 False 0.4953409250169199 0.5984177563470479
890 0.639405887282 True 0.4960215223505016 0.5797364968971159
891 0.167659670289 False 0.4960215223505016 0.5797364968971159
892 0.974783851524 True 0.49216995025656873 0.6193981750765221
893 0.79913550359 True 0.5022753124789813 0.6222144709281122
894 9.01896401785e-05 False 0.5022753124789813 0.6222144709281122
895 1.86291295181 True 0.49772741802917597 0.6087950388594138
896 0.147440914633 False 0.49772741802917597 0.6087950388594138
897 0.76972784713 False 0.49772741802917597 0.6087950388594138
898 0.749160670578 False 0.49772741802917597 0.6087950388594138
899 1.033817545 True 0.49345318364515034 0.6012075705008437
900 0.890882752959 True 0.4910184886731913 0.5970890150084486
901 0.752527535537 True 0.5050432321418826 0.6125613808736647
902 0.265036899973 False 0.5050432321418826 0.6125613808736647
903 1.46965855496 True 0.5019100997350013 0.5979574959779661
904 0.492836023276 True 0.5116739281438216 0.5988139738021857
905 0.678034942347 True 0.5100659638147214 0.6191431427361461
906 0.0685531653654 False 0.5100659638147214 0.6191431427361461
907 0.0440773704857 False 0.5100659638147214 0.6191431427361461
908 0.127666233837 False 0.5100659638147214 0.6191431427361461
909 1.64267477019 True 0.5104248864591611 0.6018167459456104
910 0.725572127906 True 0.49399047010708874 0.6295591401694465
911 0.434793438048 True 0.5011697024357713 0.6386060583118545
912 0.0479886011194 False 0.5011697024357713 0.6386060583118545
913 3.2534041068 True 0.4988350781154851 0.6232840817974283
914 1.87735126664 True 0.4993351016445594 0.5966873713677218
915 0.87125638134 True 0.5001976554084531 0.6097802073105487
916 0.908351058385 False 0.5001976554084531 0.6097802073105487
917 0.225873311398 True 0.5128546320462458 0.6217211426501928
918 0.109023296234 False 0.5128546320462458 0.6217211426501928
919 0.113998768889 False 0.5128546320462458 0.6217211426501928
920 0.962904608112 True 0.5128116886460484 0.6224675336165933
921 0.00462576032201 False 0.5128116886460484 0.6224675336165933
922 0.0100507992717 False 0.5128116886460484 0.6224675336165933
923 1.57634501354 True 0.5148581293533134 0.6032211844298654
924 1.94650106217 True 0.5065193824021312 0.6124236633305161
925 0.815602440994 True 0.5099788848219374 0.5847384126692873
926 1.55632326095 True 0.49341777656502595 0.5852950565350367
927 0.456096701627 False 0.49341777656502595 0.5852950565350367
928 0.674766289867 True 0.4852490217437362 0.6137872002271609
929 0.346585546679 False 0.4852490217437362 0.6137872002271609
930 0.629399562563 True 0.5144046803716054 0.6039925764236338
931 0.714226918055 True 0.5069997063363152 0.5652324519207628
932 0.502767565239 True 0.5041636894433972 0.5555722433473618
933 0.0364259692681 False 0.5041636894433972 0.5555722433473618
934 0.0657318571045 False 0.5041636894433972 0.5555722433473618
935 0.405362628597 False 0.5041636894433972 0.5555722433473618
936 0.000278226460306 False 0.5041636894433972 0.5555722433473618
937 1.78971797443 True 0.507953367885861 0.5645760530091182
938 0.655068941991 False 0.507953367885861 0.5645760530091182
939 0.0285506611881 False 0.507953367885861 0.5645760530091182
940 0.0338482241031 False 0.507953367885861 0.5645760530091182
941 2.65883430937 True 0.5092900570536553 0.5872320555694256
942 1.09686000976 True 0.49517762868042187 0.578380965372034
943 1.56525754462 True 0.49835366954065596 0.5899333283462299
944 0.440117967232 True 0.5081308784571491 0.5763946802276602
945 0.279171615759 False 0.5081308784571491 0.5763946802276602
946 0.382006324833 False 0.5081308784571491 0.5763946802276602
947 1.11614242067 True 0.5065406078920618 0.5765214076777495
948 1.05135358835 True 0.49338966317764416 0.5755684391600455
949 0.621211149919 False 0.49338966317764416 0.5755684391600455
950 0.0862085947341 False 0.49338966317764416 0.5755684391600455
951 0.834452455586 True 0.495138232517563 0.5714567219612384
952 1.69128644843 True 0.49022005660106527 0.5873122492896118
953 0.619680116146 True 0.4927877384173066 0.5737537663992711
954 1.46664090624 True 0.48616575390847155 0.5973973052246567
955 1.0681589385 True 0.5082752657158749 0.5973666378615796
956 0.879463488623 True 0.49978088137988136 0.5768197430306808
957 1.56282497498 True 0.5011394902548467 0.5903555964195893
958 0.358791571068 False 0.5011394902548467 0.5903555964195893
959 1.05662487297 True 0.4934891886563164 0.6044425367971569
960 0.457507160147 True 0.4944728801865998 0.6274506244460553
961 0.214794689668 False 0.4944728801865998 0.6274506244460553
962 0.140564965653 False 0.4944728801865998 0.6274506244460553
963 0.845287232608 True 0.48769894128267066 0.6261494657696801
964 1.5830272609 True 0.4984054029578191 0.6218700238168813
965 1.6943409753 True 0.4951362391245402 0.6044225090934242
966 0.533161655829 False 0.4951362391245402 0.6044225090934242
967 0.579953975223 True 0.4869624210170769 0.6140587056140332
968 1.56334498369 True 0.49306189912301407 0.6082403758726878
969 0.879308044542 True 0.489684695826055 0.5958249542650592
970 0.651244981046 True 0.4840055318194475 0.602202731217781
971 0.912454204354 True 0.4869625861484192 0.6200606980766574
972 1.27790617862 True 0.4878474724646671 0.6147686225803196
973 1.06164492852 True 0.49614588629628703 0.6205544662941062
974 0.491416462533 False 0.49614588629628703 0.6205544662941062
975 1.28045579377 True 0.5012122446087091 0.6115114978855695
976 0.259624042971 False 0.5012122446087091 0.6115114978855695
977 0.504296978959 False 0.5012122446087091 0.6115114978855695
978 1.11633362496 True 0.49603802084217624 0.5897242310264105
979 0.91449003921 True 0.492605457982175 0.5902215201426237
980 0.408174181223 False 0.492605457982175 0.5902215201426237
981 0.352468719046 False 0.492605457982175 0.5902215201426237
982 0.616480159768 True 0.488542957093833 0.5829633541729277
983 1.30224222509 True 0.4893412141464394 0.5887866028786886
984 1.03067045896 True 0.4902572680556626 0.5877708729022585
985 1.09911782007 True 0.4986405564981607 0.5829088579274658
986 0.217509913202 False 0.4986405564981607 0.5829088579274658
987 0.000784363734248 False 0.4986405564981607 0.5829088579274658
988 0.323069615908 False 0.4986405564981607 0.5829088579274658
989 0.078451739219 False 0.4986405564981607 0.5829088579274658
990 0.493593288436 False 0.4986405564981607 0.5829088579274658
991 1.21509695078 True 0.4953937917609787 0.5907392328868112
992 0.983487660313 True 0.4923199154919134 0.5956230767329631
993 0.462410719547 False 0.4923199154919134 0.5956230767329631
994 0.0707222436341 False 0.4923199154919134 0.5956230767329631
995 0.265349988282 False 0.4923199154919134 0.5956230767329631
996 0.585389895416 True 0.5000033222113994 0.5751487206412217
997 0.857637011186 True 0.5116691161197209 0.5902044694025208
998 1.28041655139 True 0.5094925365195698 0.5931349589839141
999 0.973760622492 True 0.5072112382139734 0.5829937862024346
