j ratio accept a b
0 5.46344491755e-24 False 0.3 0.2
1 1.23345942804e-78 False 0.3 0.2
2 9.99366367744e-49 False 0.3 0.2
3 9.66780031118e-62 False 0.3 0.2
4 1.10834682895e-29 False 0.3 0.2
5 2.61269927251e+82 True 0.30277164765795067 0.46433013293866554
6 5.12308197075e+49 True 0.37322500944690873 0.5423962563223467
7 1.99737276858e+23 True 0.44198145983025494 0.6555811778617127
8 6.82558947588e-07 False 0.44198145983025494 0.6555811778617127
9 4.93904604247e-26 False 0.44198145983025494 0.6555811778617127
10 9956.2634183 True 0.5145852056315025 0.6524789099675847
11 1.74682339526e-07 False 0.5145852056315025 0.6524789099675847
12 4.09230156155e-20 False 0.5145852056315025 0.6524789099675847
13 0.00193230011597 False 0.5145852056315025 0.6524789099675847
14 1.27130911481e-24 False 0.5145852056315025 0.6524789099675847
15 1.88783776208e-06 False 0.5145852056315025 0.6524789099675847
16 2.49599326694e-05 False 0.5145852056315025 0.6524789099675847
17 0.00136995676243 False 0.5145852056315025 0.6524789099675847
18 5.5846462218e-11 False 0.5145852056315025 0.6524789099675847
19 0.0167782935711 False 0.5145852056315025 0.6524789099675847
20 4.9585172629e-46 False 0.5145852056315025 0.6524789099675847
21 27.8113683579 True 0.5105639253852834 0.5707642034786532
22 1.62259237132e-07 False 0.5105639253852834 0.5707642034786532
23 5.07180549554e-17 False 0.5105639253852834 0.5707642034786532
24 3.19248965157e-14 False 0.5105639253852834 0.5707642034786532
25 0.0023088366 False 0.5105639253852834 0.5707642034786532
26 8.06363610485e-36 False 0.5105639253852834 0.5707642034786532
27 0.0180258407598 False 0.5105639253852834 0.5707642034786532
28 0.00564310270838 False 0.5105639253852834 0.5707642034786532
29 3.14228931197e-06 False 0.5105639253852834 0.5707642034786532
30 0.282024688824 False 0.5105639253852834 0.5707642034786532
31 3.64363268656e-13 False 0.5105639253852834 0.5707642034786532
32 5.15772118967e-07 False 0.5105639253852834 0.5707642034786532
33 5.0567105353e-12 False 0.5105639253852834 0.5707642034786532
34 2.66771568224 True 0.5053386193436809 0.6110053490147269
35 0.23588984984 False 0.5053386193436809 0.6110053490147269
36 5.41867363363e-10 False 0.5053386193436809 0.6110053490147269
37 0.179674439836 False 0.5053386193436809 0.6110053490147269
38 0.0422648438893 False 0.5053386193436809 0.6110053490147269
39 0.000106190637442 False 0.5053386193436809 0.6110053490147269
40 0.853753474821 True 0.48851712382939705 0.5857828877322401
41 1.7618747976e-06 False 0.48851712382939705 0.5857828877322401
42 0.000382271983012 False 0.48851712382939705 0.5857828877322401
43 3.48039179304e-12 False 0.48851712382939705 0.5857828877322401
44 2.95721680415e-11 False 0.48851712382939705 0.5857828877322401
45 3.23262166392e-10 False 0.48851712382939705 0.5857828877322401
46 2.21293337995e-06 False 0.48851712382939705 0.5857828877322401
47 0.000227059365562 False 0.48851712382939705 0.5857828877322401
48 2.13420420687e-06 False 0.48851712382939705 0.5857828877322401
49 1.21589418119e-09 False 0.48851712382939705 0.5857828877322401
50 7.41120721916e-07 False 0.48851712382939705 0.5857828877322401
51 0.0178278323453 False 0.48851712382939705 0.5857828877322401
52 0.00541770214469 False 0.48851712382939705 0.5857828877322401
53 1.83009044662e-13 False 0.48851712382939705 0.5857828877322401
54 1.48340855676e-12 False 0.48851712382939705 0.5857828877322401
55 2.21846892586e-34 False 0.48851712382939705 0.5857828877322401
56 9.37859800221e-11 False 0.48851712382939705 0.5857828877322401
57 0.369669578667 False 0.48851712382939705 0.5857828877322401
58 0.000460017223097 False 0.48851712382939705 0.5857828877322401
59 0.026025537115 False 0.48851712382939705 0.5857828877322401
60 6.2838662083e-09 False 0.48851712382939705 0.5857828877322401
61 9.364151067e-10 False 0.48851712382939705 0.5857828877322401
62 8.65467617476e-13 False 0.48851712382939705 0.5857828877322401
63 1.80504871432e-09 False 0.48851712382939705 0.5857828877322401
64 0.0935739774954 True 0.5063424657612516 0.6462846530464211
65 3.33914255246e-15 False 0.5063424657612516 0.6462846530464211
66 0.570843742388 True 0.4673187473096911 0.6016886398247283
67 8.77423393868e-38 False 0.4673187473096911 0.6016886398247283
68 6.26798575516e-07 False 0.4673187473096911 0.6016886398247283
69 0.00514177208845 False 0.4673187473096911 0.6016886398247283
70 0.000494271127964 False 0.4673187473096911 0.6016886398247283
71 5.38830219197e-15 False 0.4673187473096911 0.6016886398247283
72 6.00237741967e-33 False 0.4673187473096911 0.6016886398247283
73 2.18955660353e-08 False 0.4673187473096911 0.6016886398247283
74 5.45570073851e-13 False 0.4673187473096911 0.6016886398247283
75 1.76900090271e-14 False 0.4673187473096911 0.6016886398247283
76 1.88161383271e-48 False 0.4673187473096911 0.6016886398247283
77 3.73692193458e-09 False 0.4673187473096911 0.6016886398247283
78 2.04143543686 True 0.47264663041135696 0.6250778316504075
79 2.0392161974e-26 False 0.47264663041135696 0.6250778316504075
80 13.8691845354 True 0.4917745453761328 0.607844295173596
81 1.04894044304e-05 False 0.4917745453761328 0.607844295173596
82 5.94558822344e-07 False 0.4917745453761328 0.607844295173596
83 4.49414685283e-07 False 0.4917745453761328 0.607844295173596
84 6.63754833936e-19 False 0.4917745453761328 0.607844295173596
85 1.16379897486e-06 False 0.4917745453761328 0.607844295173596
86 2.86347421705e-13 False 0.4917745453761328 0.607844295173596
87 3.08236749463e-06 False 0.4917745453761328 0.607844295173596
88 2.00936017157e-11 False 0.4917745453761328 0.607844295173596
89 5.90503976947e-22 False 0.4917745453761328 0.607844295173596
90 1.09134555153e-11 False 0.4917745453761328 0.607844295173596
91 4.94044011252e-06 False 0.4917745453761328 0.607844295173596
92 2.71428301465e-25 False 0.4917745453761328 0.607844295173596
93 1.36205493154e-08 False 0.4917745453761328 0.607844295173596
94 1.3137337393e-05 False 0.4917745453761328 0.607844295173596
95 5.94625548503e-06 False 0.4917745453761328 0.607844295173596
96 0.164422725653 False 0.4917745453761328 0.607844295173596
97 4.43960907443e-42 False 0.4917745453761328 0.607844295173596
98 0.000531379712754 False 0.4917745453761328 0.607844295173596
99 0.0558071200995 False 0.4917745453761328 0.607844295173596
100 0.0261609392121 False 0.4917745453761328 0.607844295173596
101 6.32687174284e-22 False 0.4917745453761328 0.607844295173596
102 7.96369383253e-05 False 0.4917745453761328 0.607844295173596
103 2.19832361674e-11 False 0.4917745453761328 0.607844295173596
104 0.00113490154186 False 0.4917745453761328 0.607844295173596
105 0.000185421628485 False 0.4917745453761328 0.607844295173596
106 0.561293754983 True 0.5016039854431613 0.5739327705342698
107 0.457618857715 True 0.5095908944178243 0.567489555499145
108 8.82926188071e-15 False 0.5095908944178243 0.567489555499145
109 1.30137599208e-07 False 0.5095908944178243 0.567489555499145
110 7.09822057811e-12 False 0.5095908944178243 0.567489555499145
111 0.000107305399316 False 0.5095908944178243 0.567489555499145
112 1.44958302107e-16 False 0.5095908944178243 0.567489555499145
113 1.66316776867e-21 False 0.5095908944178243 0.567489555499145
114 1.35556048945e-25 False 0.5095908944178243 0.567489555499145
115 0.027997645812 False 0.5095908944178243 0.567489555499145
116 0.011167677298 False 0.5095908944178243 0.567489555499145
117 1.87207808662e-07 False 0.5095908944178243 0.567489555499145
118 1.47188337441e-29 False 0.5095908944178243 0.567489555499145
119 1.10605692799e-05 False 0.5095908944178243 0.567489555499145
120 8.91003362993e-13 False 0.5095908944178243 0.567489555499145
121 1.23975166743e-31 False 0.5095908944178243 0.567489555499145
122 4.13824495618e-07 False 0.5095908944178243 0.567489555499145
123 5.37802507114e-23 False 0.5095908944178243 0.567489555499145
124 3.91156574853 True 0.5015941293033774 0.6084718605438612
125 3.81383037388e-08 False 0.5015941293033774 0.6084718605438612
126 6.76638951672e-07 False 0.5015941293033774 0.6084718605438612
127 3.09321054377e-08 False 0.5015941293033774 0.6084718605438612
128 8.51193041851e-06 False 0.5015941293033774 0.6084718605438612
129 0.730696988848 True 0.5012576859409807 0.6183849927994474
130 2.77097765694e-12 False 0.5012576859409807 0.6183849927994474
131 1.55358254459e-05 False 0.5012576859409807 0.6183849927994474
132 1.8697036483e-06 False 0.5012576859409807 0.6183849927994474
133 5.42589212734e-06 False 0.5012576859409807 0.6183849927994474
134 3.03243027987e-15 False 0.5012576859409807 0.6183849927994474
135 3.8956942553e-14 False 0.5012576859409807 0.6183849927994474
136 1.81278831123e-18 False 0.5012576859409807 0.6183849927994474
137 9.25318936323e-15 False 0.5012576859409807 0.6183849927994474
138 0.00151329660216 False 0.5012576859409807 0.6183849927994474
139 9.62936995624e-30 False 0.5012576859409807 0.6183849927994474
140 1.5282027824e-11 False 0.5012576859409807 0.6183849927994474
141 1.27765218009e-07 False 0.5012576859409807 0.6183849927994474
142 9.18089813363e-07 False 0.5012576859409807 0.6183849927994474
143 6.05879453631e-07 False 0.5012576859409807 0.6183849927994474
144 9.43130017996e-10 False 0.5012576859409807 0.6183849927994474
145 7.27822583218e-16 False 0.5012576859409807 0.6183849927994474
146 2.81589526516e-19 False 0.5012576859409807 0.6183849927994474
147 0.100521288323 False 0.5012576859409807 0.6183849927994474
148 8.05038343253e-11 False 0.5012576859409807 0.6183849927994474
149 0.00118647344783 False 0.5012576859409807 0.6183849927994474
150 0.0405301427681 False 0.5012576859409807 0.6183849927994474
151 1.99221336929e-06 False 0.5012576859409807 0.6183849927994474
152 7.27050321069e-16 False 0.5012576859409807 0.6183849927994474
153 1.09511573334e-10 False 0.5012576859409807 0.6183849927994474
154 3.68687938817e-15 False 0.5012576859409807 0.6183849927994474
155 0.130196355373 False 0.5012576859409807 0.6183849927994474
156 4.29210863181e-07 False 0.5012576859409807 0.6183849927994474
157 2.58231157307e-14 False 0.5012576859409807 0.6183849927994474
158 2.05690970328e-08 False 0.5012576859409807 0.6183849927994474
159 1.24872053418e-09 False 0.5012576859409807 0.6183849927994474
160 2.72635684912e-06 False 0.5012576859409807 0.6183849927994474
161 1.62114587334e-05 False 0.5012576859409807 0.6183849927994474
162 0.000266054943363 False 0.5012576859409807 0.6183849927994474
163 0.0714634759147 False 0.5012576859409807 0.6183849927994474
164 2.38196107342e-05 False 0.5012576859409807 0.6183849927994474
165 2.25199312679e-33 False 0.5012576859409807 0.6183849927994474
166 5.36894836216e-09 False 0.5012576859409807 0.6183849927994474
167 3.13361552275e-12 False 0.5012576859409807 0.6183849927994474
168 3.79223532181e-18 False 0.5012576859409807 0.6183849927994474
169 1.88492212599e-24 False 0.5012576859409807 0.6183849927994474
170 7.27482189798e-70 False 0.5012576859409807 0.6183849927994474
171 4.93159545743e-27 False 0.5012576859409807 0.6183849927994474
172 5.81176447997e-08 False 0.5012576859409807 0.6183849927994474
173 9.90784426469e-22 False 0.5012576859409807 0.6183849927994474
174 0.550029712952 True 0.5059617189168409 0.5709178024902518
175 3.89686809302e-11 False 0.5059617189168409 0.5709178024902518
176 0.000739331766406 False 0.5059617189168409 0.5709178024902518
177 5.84031402198e-26 False 0.5059617189168409 0.5709178024902518
178 4.26128167759e-05 False 0.5059617189168409 0.5709178024902518
179 0.110322680781 False 0.5059617189168409 0.5709178024902518
180 0.003202208195 False 0.5059617189168409 0.5709178024902518
181 2.0129092841e-17 False 0.5059617189168409 0.5709178024902518
182 0.0153327472526 False 0.5059617189168409 0.5709178024902518
183 0.362770427183 True 0.48796752041447344 0.641326873337654
184 9.24268971761e-12 False 0.48796752041447344 0.641326873337654
185 0.0074453732582 False 0.48796752041447344 0.641326873337654
186 0.0733323481512 False 0.48796752041447344 0.641326873337654
187 0.0182475441594 False 0.48796752041447344 0.641326873337654
188 1.0922065751e-08 False 0.48796752041447344 0.641326873337654
189 3.03335682266e-14 False 0.48796752041447344 0.641326873337654
190 5.21387550183e-07 False 0.48796752041447344 0.641326873337654
191 1.84420497601e-13 False 0.48796752041447344 0.641326873337654
192 0.0165969267049 False 0.48796752041447344 0.641326873337654
193 3.3744307406e-09 False 0.48796752041447344 0.641326873337654
194 0.153106173267 False 0.48796752041447344 0.641326873337654
195 1.16800423438e-30 False 0.48796752041447344 0.641326873337654
196 1.95749761325e-37 False 0.48796752041447344 0.641326873337654
197 0.0229417006676 False 0.48796752041447344 0.641326873337654
198 7.650328188e-05 False 0.48796752041447344 0.641326873337654
199 2.67592324033e-05 False 0.48796752041447344 0.641326873337654
200 0.0467775707546 False 0.48796752041447344 0.641326873337654
201 9.49463846421e-11 False 0.48796752041447344 0.641326873337654
202 1.58186410515e-18 False 0.48796752041447344 0.641326873337654
203 3.13728618529e-39 False 0.48796752041447344 0.641326873337654
204 0.000114266503357 False 0.48796752041447344 0.641326873337654
205 5.67103623355e-15 False 0.48796752041447344 0.641326873337654
206 3.48037529054e-15 False 0.48796752041447344 0.641326873337654
207 0.000149187236789 False 0.48796752041447344 0.641326873337654
208 2.14800047878e-07 False 0.48796752041447344 0.641326873337654
209 0.00044683375367 False 0.48796752041447344 0.641326873337654
210 4.96028763238e-08 False 0.48796752041447344 0.641326873337654
211 1.33081426132e-11 False 0.48796752041447344 0.641326873337654
212 0.00612371203733 False 0.48796752041447344 0.641326873337654
213 1.30283253058e-05 False 0.48796752041447344 0.641326873337654
214 0.000309480909488 False 0.48796752041447344 0.641326873337654
215 0.136858842042 False 0.48796752041447344 0.641326873337654
216 1.99247746737e-05 False 0.48796752041447344 0.641326873337654
217 2.29798554206e-09 False 0.48796752041447344 0.641326873337654
218 2.75963778825e-13 False 0.48796752041447344 0.641326873337654
219 4.0616776005e-13 False 0.48796752041447344 0.641326873337654
220 4.55523340433e-10 False 0.48796752041447344 0.641326873337654
221 1.04062041132e-07 False 0.48796752041447344 0.641326873337654
222 6.67700578016e-11 False 0.48796752041447344 0.641326873337654
223 0.480080240344 True 0.5242154531012546 0.5853124655461428
224 1.17258599376e-10 False 0.5242154531012546 0.5853124655461428
225 2.27867926957e-15 False 0.5242154531012546 0.5853124655461428
226 1.1293313666e-19 False 0.5242154531012546 0.5853124655461428
227 2.3719221537e-20 False 0.5242154531012546 0.5853124655461428
228 16.6018363724 True 0.4998132262150015 0.5980619641479401
229 0.0174056810657 False 0.4998132262150015 0.5980619641479401
230 0.00117714515633 False 0.4998132262150015 0.5980619641479401
231 3.18260325524e-11 False 0.4998132262150015 0.5980619641479401
232 0.00151816486903 False 0.4998132262150015 0.5980619641479401
233 1.39689380581e-06 False 0.4998132262150015 0.5980619641479401
234 3.38643539538e-17 False 0.4998132262150015 0.5980619641479401
235 1.46579474703e-12 False 0.4998132262150015 0.5980619641479401
236 0.00588325619596 True 0.46085427226006614 0.6097236566378041
237 0.513697908508 True 0.47983631855272174 0.5394281360969976
238 1.90573043368e-14 False 0.47983631855272174 0.5394281360969976
239 0.000184929121975 False 0.47983631855272174 0.5394281360969976
240 1.48881568313e-34 False 0.47983631855272174 0.5394281360969976
241 104.096928331 True 0.5052521644309587 0.6269008076401466
242 9.02014199638e-11 False 0.5052521644309587 0.6269008076401466
243 0.000202207202418 False 0.5052521644309587 0.6269008076401466
244 1.33089149557 True 0.4931203118951248 0.6276884367138702
245 4.53121917747e-09 False 0.4931203118951248 0.6276884367138702
246 9.01390197496e-40 False 0.4931203118951248 0.6276884367138702
247 7.09034938992e-06 False 0.4931203118951248 0.6276884367138702
248 1.80870565695e-11 False 0.4931203118951248 0.6276884367138702
249 1.1236414458 True 0.5053212003584964 0.6197705062761519
250 1.18043085591e-05 False 0.5053212003584964 0.6197705062761519
251 2.2157402079e-06 False 0.5053212003584964 0.6197705062761519
252 5.9612975126e-05 False 0.5053212003584964 0.6197705062761519
253 0.000789302166066 False 0.5053212003584964 0.6197705062761519
254 9.60889336654e-22 False 0.5053212003584964 0.6197705062761519
255 0.000766562426654 False 0.5053212003584964 0.6197705062761519
256 1.94967752108e-08 False 0.5053212003584964 0.6197705062761519
257 8.21877154897e-35 False 0.5053212003584964 0.6197705062761519
258 0.0352042634137 False 0.5053212003584964 0.6197705062761519
259 3.24159521463e-06 False 0.5053212003584964 0.6197705062761519
260 0.000259718364493 False 0.5053212003584964 0.6197705062761519
261 0.377366921075 False 0.5053212003584964 0.6197705062761519
262 0.0311706657724 False 0.5053212003584964 0.6197705062761519
263 0.00370758171755 False 0.5053212003584964 0.6197705062761519
264 0.000180075957326 False 0.5053212003584964 0.6197705062761519
265 1.66917630535e-09 False 0.5053212003584964 0.6197705062761519
266 1.11586479955e-08 False 0.5053212003584964 0.6197705062761519
267 4.59592497614e-06 False 0.5053212003584964 0.6197705062761519
268 1.45286727969 True 0.49276104299975965 0.6175655637997659
269 6.01631346576e-12 False 0.49276104299975965 0.6175655637997659
270 0.000259165839586 False 0.49276104299975965 0.6175655637997659
271 6.58610117608e-18 False 0.49276104299975965 0.6175655637997659
272 1.19043171209e-18 False 0.49276104299975965 0.6175655637997659
273 2.22130364712e-14 False 0.49276104299975965 0.6175655637997659
274 0.00424411124848 False 0.49276104299975965 0.6175655637997659
275 9.28486926468e-13 False 0.49276104299975965 0.6175655637997659
276 0.198277942803 False 0.49276104299975965 0.6175655637997659
277 3.12585186992e-11 False 0.49276104299975965 0.6175655637997659
278 2.02897190988e-14 False 0.49276104299975965 0.6175655637997659
279 0.324169986176 False 0.49276104299975965 0.6175655637997659
280 0.000121599880398 False 0.49276104299975965 0.6175655637997659
281 0.0707740516577 False 0.49276104299975965 0.6175655637997659
282 2.31670718674e-24 False 0.49276104299975965 0.6175655637997659
283 0.00547119008075 False 0.49276104299975965 0.6175655637997659
284 5.79212012813e-08 False 0.49276104299975965 0.6175655637997659
285 0.00173191767484 False 0.49276104299975965 0.6175655637997659
286 0.00590753348445 False 0.49276104299975965 0.6175655637997659
287 3.84196636304e-32 False 0.49276104299975965 0.6175655637997659
288 0.0945942192823 False 0.49276104299975965 0.6175655637997659
289 6.43320116052e-05 False 0.49276104299975965 0.6175655637997659
290 0.937957134966 True 0.4957673895915133 0.620201374362557
291 2.71779128094e-10 False 0.4957673895915133 0.620201374362557
292 2.99130695949e-07 False 0.4957673895915133 0.620201374362557
293 0.000799303069323 False 0.4957673895915133 0.620201374362557
294 2.70322995959e-09 False 0.4957673895915133 0.620201374362557
295 3.21476194847e-12 False 0.4957673895915133 0.620201374362557
296 1.44637704213 True 0.498650603517559 0.5902959113150393
297 1.99248991108e-06 False 0.498650603517559 0.5902959113150393
298 2.13457208716e-15 False 0.498650603517559 0.5902959113150393
299 1.19768371319e-12 False 0.498650603517559 0.5902959113150393
300 0.0755728083722 False 0.498650603517559 0.5902959113150393
301 0.000572149429954 False 0.498650603517559 0.5902959113150393
302 2.99850886712e-15 False 0.498650603517559 0.5902959113150393
303 0.0915390846094 False 0.498650603517559 0.5902959113150393
304 5.83195376905e-08 False 0.498650603517559 0.5902959113150393
305 7.84851756176e-17 False 0.498650603517559 0.5902959113150393
306 1.34063875017e-07 False 0.498650603517559 0.5902959113150393
307 1.11315299829e-12 False 0.498650603517559 0.5902959113150393
308 4.74521073104e-08 False 0.498650603517559 0.5902959113150393
309 5.24466354589e-14 False 0.498650603517559 0.5902959113150393
310 7.22260714064e-11 False 0.498650603517559 0.5902959113150393
311 1.22621246563e-09 False 0.498650603517559 0.5902959113150393
312 0.00619064080613 False 0.498650603517559 0.5902959113150393
313 7.73694853279e-11 False 0.498650603517559 0.5902959113150393
314 8.41662961099e-05 False 0.498650603517559 0.5902959113150393
315 1.17706688519e-05 False 0.498650603517559 0.5902959113150393
316 2.11423194898e-12 False 0.498650603517559 0.5902959113150393
317 5.12818556079e-19 False 0.498650603517559 0.5902959113150393
318 3.41972982629e-18 False 0.498650603517559 0.5902959113150393
319 0.38408781037 False 0.498650603517559 0.5902959113150393
320 6.50161314925e-09 False 0.498650603517559 0.5902959113150393
321 1.11206826911e-21 False 0.498650603517559 0.5902959113150393
322 1.57375206119e-17 False 0.498650603517559 0.5902959113150393
323 0.196220975538 False 0.498650603517559 0.5902959113150393
324 0.00169270009428 False 0.498650603517559 0.5902959113150393
325 1.17246638751e-11 False 0.498650603517559 0.5902959113150393
326 0.0847913774923 False 0.498650603517559 0.5902959113150393
327 0.0158533945461 False 0.498650603517559 0.5902959113150393
328 0.000175417076047 False 0.498650603517559 0.5902959113150393
329 3.90053937468e-10 False 0.498650603517559 0.5902959113150393
330 0.00206360511078 False 0.498650603517559 0.5902959113150393
331 1.03744783039 True 0.4941882168493845 0.6046502676351272
332 2.71141268818e-14 False 0.4941882168493845 0.6046502676351272
333 5.29704039628e-15 False 0.4941882168493845 0.6046502676351272
334 2.08626699283e-05 False 0.4941882168493845 0.6046502676351272
335 2.52140140863e-17 False 0.4941882168493845 0.6046502676351272
336 3.23341824248e-10 False 0.4941882168493845 0.6046502676351272
337 3.23581184379e-13 False 0.4941882168493845 0.6046502676351272
338 0.00650347254662 False 0.4941882168493845 0.6046502676351272
339 3.91040203212e-07 False 0.4941882168493845 0.6046502676351272
340 1.76301968761e-15 False 0.4941882168493845 0.6046502676351272
341 4.81509649653e-07 False 0.4941882168493845 0.6046502676351272
342 2.7584653858e-23 False 0.4941882168493845 0.6046502676351272
343 5.00421796739e-08 False 0.4941882168493845 0.6046502676351272
344 0.238011480353 False 0.4941882168493845 0.6046502676351272
345 1.77198320263e-09 False 0.4941882168493845 0.6046502676351272
346 1.76515606288e-16 False 0.4941882168493845 0.6046502676351272
347 1.91515564038e-28 False 0.4941882168493845 0.6046502676351272
348 1.59029393486e-19 False 0.4941882168493845 0.6046502676351272
349 2.84979101035e-06 False 0.4941882168493845 0.6046502676351272
350 2.1068844682e-09 False 0.4941882168493845 0.6046502676351272
351 0.0288913377437 False 0.4941882168493845 0.6046502676351272
352 4.43680072269e-12 False 0.4941882168493845 0.6046502676351272
353 3.52357949868e-07 False 0.4941882168493845 0.6046502676351272
354 0.694324654367 False 0.4941882168493845 0.6046502676351272
355 2.02936479429e-05 False 0.4941882168493845 0.6046502676351272
356 1.3875109274e-11 False 0.4941882168493845 0.6046502676351272
357 2.03706388869e-14 False 0.4941882168493845 0.6046502676351272
358 0.00426227860302 False 0.4941882168493845 0.6046502676351272
359 3.47293395542e-23 False 0.4941882168493845 0.6046502676351272
360 3.75164841139e-07 False 0.4941882168493845 0.6046502676351272
361 7.45185914208e-06 False 0.4941882168493845 0.6046502676351272
362 3.8751511036e-06 False 0.4941882168493845 0.6046502676351272
363 0.471468202802 True 0.4920388853564562 0.6258696729586347
364 0.00295749538084 False 0.4920388853564562 0.6258696729586347
365 0.00194235483794 False 0.4920388853564562 0.6258696729586347
366 0.112743562282 False 0.4920388853564562 0.6258696729586347
367 0.88252021725 True 0.484451188751366 0.6186212908476848
368 0.000119028143175 False 0.484451188751366 0.6186212908476848
369 2.6648452997e-19 False 0.484451188751366 0.6186212908476848
370 5.63650297582e-15 False 0.484451188751366 0.6186212908476848
371 2.44431044705e-13 False 0.484451188751366 0.6186212908476848
372 5.77782402762e-07 False 0.484451188751366 0.6186212908476848
373 1.27019365887e-07 False 0.484451188751366 0.6186212908476848
374 9.98110767942e-05 False 0.484451188751366 0.6186212908476848
375 0.000176341491034 False 0.484451188751366 0.6186212908476848
376 0.703136973587 True 0.5072539154358666 0.6260711777376277
377 3.58243245249e-09 False 0.5072539154358666 0.6260711777376277
378 9.84433943898e-21 False 0.5072539154358666 0.6260711777376277
379 2.88416370199e-07 False 0.5072539154358666 0.6260711777376277
380 2.14133017615e-19 False 0.5072539154358666 0.6260711777376277
381 2.62455469738e-15 False 0.5072539154358666 0.6260711777376277
382 0.000643520395369 False 0.5072539154358666 0.6260711777376277
383 1.28989633623e-06 False 0.5072539154358666 0.6260711777376277
384 0.101629068759 False 0.5072539154358666 0.6260711777376277
385 1.50705230609e-07 False 0.5072539154358666 0.6260711777376277
386 1.99600488569 True 0.4853996980181614 0.6083731997262491
387 4.4079757412e-13 False 0.4853996980181614 0.6083731997262491
388 0.000175462987605 False 0.4853996980181614 0.6083731997262491
389 0.00654511794723 False 0.4853996980181614 0.6083731997262491
390 1.89045611347e-09 False 0.4853996980181614 0.6083731997262491
391 1.45765207494 True 0.4950657276315892 0.6135644602257905
392 0.0039342299547 False 0.4950657276315892 0.6135644602257905
393 0.00170567074548 False 0.4950657276315892 0.6135644602257905
394 4.44211603263e-07 False 0.4950657276315892 0.6135644602257905
395 0.477751095596 True 0.5034251440340983 0.5711964043110491
396 0.0846332360807 False 0.5034251440340983 0.5711964043110491
397 1.39230316631e-15 False 0.5034251440340983 0.5711964043110491
398 4.42412152687e-06 False 0.5034251440340983 0.5711964043110491
399 1.40548639325e-63 False 0.5034251440340983 0.5711964043110491
400 1.56759034236e-10 False 0.5034251440340983 0.5711964043110491
401 0.102551282209 False 0.5034251440340983 0.5711964043110491
402 1.1438558883e-15 False 0.5034251440340983 0.5711964043110491
403 0.0232339174703 False 0.5034251440340983 0.5711964043110491
404 3.48301964077e-09 False 0.5034251440340983 0.5711964043110491
405 0.000371359579592 False 0.5034251440340983 0.5711964043110491
406 0.327938075534 False 0.5034251440340983 0.5711964043110491
407 2.15011557675e-11 False 0.5034251440340983 0.5711964043110491
408 1.26960305279e-19 False 0.5034251440340983 0.5711964043110491
409 0.00393877284642 False 0.5034251440340983 0.5711964043110491
410 2.52867759725e-18 False 0.5034251440340983 0.5711964043110491
411 2.39181760134 True 0.5005702341226864 0.6057336550764199
412 1.86463694652e-19 False 0.5005702341226864 0.6057336550764199
413 1.41489569511e-31 False 0.5005702341226864 0.6057336550764199
414 2.45012857956e-06 False 0.5005702341226864 0.6057336550764199
415 0.000990164715281 False 0.5005702341226864 0.6057336550764199
416 5.44884153694e-08 False 0.5005702341226864 0.6057336550764199
417 0.0158932274711 False 0.5005702341226864 0.6057336550764199
418 0.000113814982189 False 0.5005702341226864 0.6057336550764199
419 0.000365949858094 False 0.5005702341226864 0.6057336550764199
420 0.087535307886 False 0.5005702341226864 0.6057336550764199
421 9.15565050643e-10 False 0.5005702341226864 0.6057336550764199
422 1.44080389256e-18 False 0.5005702341226864 0.6057336550764199
423 0.467163962824 True 0.48277956311622183 0.6073631469146661
424 0.343343982129 False 0.48277956311622183 0.6073631469146661
425 2.25621250262e-10 False 0.48277956311622183 0.6073631469146661
426 2.14522518719e-10 False 0.48277956311622183 0.6073631469146661
427 2.30081499014e-42 False 0.48277956311622183 0.6073631469146661
428 5.35578324208e-05 False 0.48277956311622183 0.6073631469146661
429 5.97609995046e-06 False 0.48277956311622183 0.6073631469146661
430 2.11434383715 True 0.494705637269178 0.5922505014743954
431 6.23175163829e-22 False 0.494705637269178 0.5922505014743954
432 9.15629487812e-23 False 0.494705637269178 0.5922505014743954
433 7.32989058994e-06 False 0.494705637269178 0.5922505014743954
434 0.00814351809492 False 0.494705637269178 0.5922505014743954
435 0.210310266889 False 0.494705637269178 0.5922505014743954
436 1.45958809423e-11 False 0.494705637269178 0.5922505014743954
437 0.631692907632 True 0.5064560725904628 0.6125000522566454
438 0.00018486063053 False 0.5064560725904628 0.6125000522566454
439 1.12139648406 True 0.505670925520811 0.61067231604767
440 2.02704225323e-42 False 0.505670925520811 0.61067231604767
441 2.61658040064e-14 False 0.505670925520811 0.61067231604767
442 6.20001625198e-10 False 0.505670925520811 0.61067231604767
443 0.174659673197 False 0.505670925520811 0.61067231604767
444 7.27494535337e-13 False 0.505670925520811 0.61067231604767
445 1.49235345295 True 0.49492600382108154 0.6045780757011316
446 4.26781088073e-08 False 0.49492600382108154 0.6045780757011316
447 0.000123003159846 False 0.49492600382108154 0.6045780757011316
448 0.000984752210969 False 0.49492600382108154 0.6045780757011316
449 0.0539763258796 False 0.49492600382108154 0.6045780757011316
450 0.000873522325517 False 0.49492600382108154 0.6045780757011316
451 7.03908437784e-06 False 0.49492600382108154 0.6045780757011316
452 2.03410125465e-06 False 0.49492600382108154 0.6045780757011316
453 7.11279549404e-06 False 0.49492600382108154 0.6045780757011316
454 1.46057524673e-07 False 0.49492600382108154 0.6045780757011316
455 9.89309487937e-17 False 0.49492600382108154 0.6045780757011316
456 2.05052021753e-14 False 0.49492600382108154 0.6045780757011316
457 4.37662790146e-13 False 0.49492600382108154 0.6045780757011316
458 0.899936144393 True 0.4925211770509454 0.5936114423300508
459 6.33090902317e-11 False 0.4925211770509454 0.5936114423300508
460 7.1371240242e-08 False 0.4925211770509454 0.5936114423300508
461 3.00155290464e-09 False 0.4925211770509454 0.5936114423300508
462 1.01545457421e-07 False 0.4925211770509454 0.5936114423300508
463 3.50218127553e-47 False 0.4925211770509454 0.5936114423300508
464 0.00912539094847 False 0.4925211770509454 0.5936114423300508
465 6.3175125692e-37 False 0.4925211770509454 0.5936114423300508
466 0.00748460898638 False 0.4925211770509454 0.5936114423300508
467 1.22317545573e-13 False 0.4925211770509454 0.5936114423300508
468 1.11732600395e-19 False 0.4925211770509454 0.5936114423300508
469 0.00673851364252 False 0.4925211770509454 0.5936114423300508
470 0.000273656534502 False 0.4925211770509454 0.5936114423300508
471 5.19777282863e-11 False 0.4925211770509454 0.5936114423300508
472 1.96481961193e-06 False 0.4925211770509454 0.5936114423300508
473 9.35389567653e-08 False 0.4925211770509454 0.5936114423300508
474 0.119247102277 False 0.4925211770509454 0.5936114423300508
475 7.18663076369e-11 False 0.4925211770509454 0.5936114423300508
476 0.1676855688 False 0.4925211770509454 0.5936114423300508
477 5.32164357765e-12 False 0.4925211770509454 0.5936114423300508
478 0.13148858971 True 0.49051326025015346 0.559071117561331
479 0.00437431240608 False 0.49051326025015346 0.559071117561331
480 8.733089435e-28 False 0.49051326025015346 0.559071117561331
481 1.89076320643e-40 False 0.49051326025015346 0.559071117561331
482 2.34821652691e-43 False 0.49051326025015346 0.559071117561331
483 6.87580176659 True 0.49687319823669657 0.5848357685623811
484 0.0149368568883 False 0.49687319823669657 0.5848357685623811
485 1.18994257485e-13 False 0.49687319823669657 0.5848357685623811
486 0.228001890995 True 0.5020432778871514 0.5602685256882809
487 5.33140993336e-13 False 0.5020432778871514 0.5602685256882809
488 4.10858068191e-38 False 0.5020432778871514 0.5602685256882809
489 5.0557780338 True 0.49254656513057443 0.5968485077689808
490 1.72656610694e-14 False 0.49254656513057443 0.5968485077689808
491 6.73300645845e-21 False 0.49254656513057443 0.5968485077689808
492 0.0300035826151 False 0.49254656513057443 0.5968485077689808
493 3.46514004177e-15 False 0.49254656513057443 0.5968485077689808
494 4.33902487247e-25 False 0.49254656513057443 0.5968485077689808
495 9.68228773048e-21 False 0.49254656513057443 0.5968485077689808
496 4.81847585977e-15 False 0.49254656513057443 0.5968485077689808
497 1.75063527137e-05 False 0.49254656513057443 0.5968485077689808
498 3.32575357951e-06 False 0.49254656513057443 0.5968485077689808
499 1.12365624153e-12 False 0.49254656513057443 0.5968485077689808
500 1.07377974403e-10 False 0.49254656513057443 0.5968485077689808
501 1.10698995435e-08 False 0.49254656513057443 0.5968485077689808
502 4.24245396817e-06 False 0.49254656513057443 0.5968485077689808
503 0.000185313594439 False 0.49254656513057443 0.5968485077689808
504 9.52496798445e-07 False 0.49254656513057443 0.5968485077689808
505 2.2075580183e-05 False 0.49254656513057443 0.5968485077689808
506 2.79452185872e-12 False 0.49254656513057443 0.5968485077689808
507 0.00473566029216 False 0.49254656513057443 0.5968485077689808
508 0.00103370847987 False 0.49254656513057443 0.5968485077689808
509 3.17869497768e-23 False 0.49254656513057443 0.5968485077689808
510 0.0290090594702 False 0.49254656513057443 0.5968485077689808
511 0.0024582816887 False 0.49254656513057443 0.5968485077689808
512 3.0226910257e-15 False 0.49254656513057443 0.5968485077689808
513 7.96576594713e-07 False 0.49254656513057443 0.5968485077689808
514 2.14985704914e-05 False 0.49254656513057443 0.5968485077689808
515 5.66425033625e-07 False 0.49254656513057443 0.5968485077689808
516 4.4891318392e-13 False 0.49254656513057443 0.5968485077689808
517 0.000428122978905 False 0.49254656513057443 0.5968485077689808
518 1.05497544175e-24 False 0.49254656513057443 0.5968485077689808
519 7.34438893146e-10 False 0.49254656513057443 0.5968485077689808
520 2.86213133364e-09 False 0.49254656513057443 0.5968485077689808
521 1.0818094073e-14 False 0.49254656513057443 0.5968485077689808
522 3.31425745149e-09 False 0.49254656513057443 0.5968485077689808
523 2.5283322914e-08 False 0.49254656513057443 0.5968485077689808
524 7.88220958167e-21 False 0.49254656513057443 0.5968485077689808
525 0.128250950582 False 0.49254656513057443 0.5968485077689808
526 0.174145330416 False 0.49254656513057443 0.5968485077689808
527 0.00259237748225 False 0.49254656513057443 0.5968485077689808
528 9.63042042898e-10 False 0.49254656513057443 0.5968485077689808
529 3.84291561343e-23 False 0.49254656513057443 0.5968485077689808
530 0.000464152030245 False 0.49254656513057443 0.5968485077689808
531 9.20000136817e-12 False 0.49254656513057443 0.5968485077689808
532 0.0767775043311 False 0.49254656513057443 0.5968485077689808
533 1.27611440818e-06 False 0.49254656513057443 0.5968485077689808
534 1.50780339519e-11 False 0.49254656513057443 0.5968485077689808
535 1.49869831375e-09 False 0.49254656513057443 0.5968485077689808
536 6.30924983386e-12 False 0.49254656513057443 0.5968485077689808
537 0.305155981826 True 0.515062035244801 0.5860233576714525
538 7.78866823784e-10 False 0.515062035244801 0.5860233576714525
539 0.752881246513 True 0.4799049126794936 0.5848726510153759
540 7.95089967562e-05 False 0.4799049126794936 0.5848726510153759
541 3.09517853835e-23 False 0.4799049126794936 0.5848726510153759
542 2.76772038128e-11 False 0.4799049126794936 0.5848726510153759
543 7.5527737183e-16 False 0.4799049126794936 0.5848726510153759
544 2.18794008849e-29 False 0.4799049126794936 0.5848726510153759
545 1.06348689843e-08 False 0.4799049126794936 0.5848726510153759
546 1.08624474758e-05 False 0.4799049126794936 0.5848726510153759
547 2.45939721586e-05 False 0.4799049126794936 0.5848726510153759
548 4.14461617919 True 0.501964548103612 0.6071053503444733
549 7.83256079141e-18 False 0.501964548103612 0.6071053503444733
550 0.351272183092 True 0.4819326643373638 0.5874465022446377
551 3.06716078962e-37 False 0.4819326643373638 0.5874465022446377
552 6.49528168027e-36 False 0.4819326643373638 0.5874465022446377
553 0.00277401070297 False 0.4819326643373638 0.5874465022446377
554 1.94523617441e-05 False 0.4819326643373638 0.5874465022446377
555 3.0269165346e-07 False 0.4819326643373638 0.5874465022446377
556 2.99948866991e-19 False 0.4819326643373638 0.5874465022446377
557 2.4403587075e-09 False 0.4819326643373638 0.5874465022446377
558 1.10967461074e-07 False 0.4819326643373638 0.5874465022446377
559 0.0231573220536 False 0.4819326643373638 0.5874465022446377
560 3.41885663093e-08 False 0.4819326643373638 0.5874465022446377
561 1.44700593271e-10 False 0.4819326643373638 0.5874465022446377
562 1.16529017251e-06 False 0.4819326643373638 0.5874465022446377
563 6.92961156907e-13 False 0.4819326643373638 0.5874465022446377
564 0.137406026218 False 0.4819326643373638 0.5874465022446377
565 0.0021592285109 False 0.4819326643373638 0.5874465022446377
566 0.605881803532 False 0.4819326643373638 0.5874465022446377
567 1.45745061587e-15 False 0.4819326643373638 0.5874465022446377
568 3.83515333631e-09 False 0.4819326643373638 0.5874465022446377
569 9.0778340449e-29 False 0.4819326643373638 0.5874465022446377
570 2.97318858933e-18 False 0.4819326643373638 0.5874465022446377
571 3.24884206834e-07 False 0.4819326643373638 0.5874465022446377
572 0.00325864186174 False 0.4819326643373638 0.5874465022446377
573 0.0819478195259 False 0.4819326643373638 0.5874465022446377
574 5.10716156105e-07 False 0.4819326643373638 0.5874465022446377
575 2.11004677667e-28 False 0.4819326643373638 0.5874465022446377
576 1.74704575965e-19 False 0.4819326643373638 0.5874465022446377
577 2.91478883526e-21 False 0.4819326643373638 0.5874465022446377
578 9.12154778346e-12 False 0.4819326643373638 0.5874465022446377
579 9.77388223643e-06 False 0.4819326643373638 0.5874465022446377
580 2.95678397913e-13 False 0.4819326643373638 0.5874465022446377
581 3.50503147804e-13 False 0.4819326643373638 0.5874465022446377
582 4.10748889707e-14 False 0.4819326643373638 0.5874465022446377
583 1.11372102518e-05 False 0.4819326643373638 0.5874465022446377
584 6.78258498031e-06 False 0.4819326643373638 0.5874465022446377
585 0.814815202222 True 0.5065056607504915 0.6288273427075894
586 0.345681494136 True 0.5071916308617183 0.6407733383859961
587 1.07276114354e-17 False 0.5071916308617183 0.6407733383859961
588 3.85983673301e-09 False 0.5071916308617183 0.6407733383859961
589 2.01882090074e-11 False 0.5071916308617183 0.6407733383859961
590 0.000302508978966 False 0.5071916308617183 0.6407733383859961
591 0.000100909872467 False 0.5071916308617183 0.6407733383859961
592 2.05154064743e-22 False 0.5071916308617183 0.6407733383859961
593 0.00560764985893 False 0.5071916308617183 0.6407733383859961
594 1.06243408925 True 0.5091489931827325 0.6379818038752978
595 8.14471944182e-19 False 0.5091489931827325 0.6379818038752978
596 4.14371939012e-05 False 0.5091489931827325 0.6379818038752978
597 0.257831126678 False 0.5091489931827325 0.6379818038752978
598 8.76185233381e-29 False 0.5091489931827325 0.6379818038752978
599 1.84418264543 True 0.4985395191514207 0.5594100465040913
600 1.88257802643e-39 False 0.4985395191514207 0.5594100465040913
601 0.0298077073676 True 0.4985286232112296 0.6681877599726002
602 3.34337426109 True 0.5123247583876 0.6501254240210139
603 6.22062664671e-35 False 0.5123247583876 0.6501254240210139
604 1.673803214e-16 False 0.5123247583876 0.6501254240210139
605 7.87933367751e-07 False 0.5123247583876 0.6501254240210139
606 0.433167544656 True 0.4682663653956762 0.5677904597045993
607 2.84757103577 True 0.49206090187534646 0.5428114922540616
608 0.0187903956176 False 0.49206090187534646 0.5428114922540616
609 0.141139565686 False 0.49206090187534646 0.5428114922540616
610 6.99099762136e-15 False 0.49206090187534646 0.5428114922540616
611 7.9122679537e-14 False 0.49206090187534646 0.5428114922540616
612 4.75524565932e-15 False 0.49206090187534646 0.5428114922540616
613 5.62618187229e-06 False 0.49206090187534646 0.5428114922540616
614 2.56356187736e-42 False 0.49206090187534646 0.5428114922540616
615 2.68448889688 True 0.4787575344194197 0.6412308101089641
616 4.89382856908e-08 False 0.4787575344194197 0.6412308101089641
617 4.86993779034e-13 False 0.4787575344194197 0.6412308101089641
618 5.10068598685e-09 False 0.4787575344194197 0.6412308101089641
619 0.000813568156969 False 0.4787575344194197 0.6412308101089641
620 1.34413277163e-16 False 0.4787575344194197 0.6412308101089641
621 0.000742207142789 False 0.4787575344194197 0.6412308101089641
622 0.0296127319748 False 0.4787575344194197 0.6412308101089641
623 2.7749798187e-07 False 0.4787575344194197 0.6412308101089641
624 1.11284839881e-07 False 0.4787575344194197 0.6412308101089641
625 0.0302192216051 False 0.4787575344194197 0.6412308101089641
626 4.77574976914e-05 False 0.4787575344194197 0.6412308101089641
627 6.45549854718e-10 False 0.4787575344194197 0.6412308101089641
628 1.76144382958e-07 False 0.4787575344194197 0.6412308101089641
629 0.0298606994737 False 0.4787575344194197 0.6412308101089641
630 0.371521693301 False 0.4787575344194197 0.6412308101089641
631 1.31125526815e-24 False 0.4787575344194197 0.6412308101089641
632 1.52846745722e-05 False 0.4787575344194197 0.6412308101089641
633 0.000209737464707 False 0.4787575344194197 0.6412308101089641
634 1.67874304222e-08 False 0.4787575344194197 0.6412308101089641
635 5.30691592718e-08 False 0.4787575344194197 0.6412308101089641
636 7.97906916105 True 0.4880644051177958 0.5808488943321455
637 0.985462335547 True 0.5113577833152916 0.6060339198282607
638 8.61737650713e-27 False 0.5113577833152916 0.6060339198282607
639 1.06843624125e-08 False 0.5113577833152916 0.6060339198282607
640 7.31407392637e-24 False 0.5113577833152916 0.6060339198282607
641 0.000104964294555 False 0.5113577833152916 0.6060339198282607
642 3.13972056533e-08 False 0.5113577833152916 0.6060339198282607
643 0.0492267619951 False 0.5113577833152916 0.6060339198282607
644 0.92023578472 True 0.48203484538160335 0.6067219411743133
645 0.633412165364 True 0.4787562173669592 0.6099088718411155
646 8.5801303882e-06 False 0.4787562173669592 0.6099088718411155
647 2.5385926295e-35 False 0.4787562173669592 0.6099088718411155
648 1.84078033555e-08 False 0.4787562173669592 0.6099088718411155
649 0.0100664211546 False 0.4787562173669592 0.6099088718411155
650 0.0537719099725 False 0.4787562173669592 0.6099088718411155
651 4.38871617596e-13 False 0.4787562173669592 0.6099088718411155
652 4.90766314053e-09 False 0.4787562173669592 0.6099088718411155
653 2.73693596944e-06 False 0.4787562173669592 0.6099088718411155
654 0.000393749579588 False 0.4787562173669592 0.6099088718411155
655 1.43492857414e-11 False 0.4787562173669592 0.6099088718411155
656 1.80306610012e-06 False 0.4787562173669592 0.6099088718411155
657 0.471473205567 False 0.4787562173669592 0.6099088718411155
658 9.74140791497e-06 False 0.4787562173669592 0.6099088718411155
659 2.06789951704e-14 False 0.4787562173669592 0.6099088718411155
660 2.67895586391 True 0.489945855059177 0.5885769223994115
661 2.22317260207e-06 False 0.489945855059177 0.5885769223994115
662 2.9871563517e-09 False 0.489945855059177 0.5885769223994115
663 9.60060639701e-05 False 0.489945855059177 0.5885769223994115
664 0.00160447775804 False 0.489945855059177 0.5885769223994115
665 0.0574559741665 True 0.4736747667232012 0.5740262534467038
666 3.87971356971e-11 False 0.4736747667232012 0.5740262534467038
667 23.787917487 True 0.4933224415444462 0.5961416422241973
668 6.64711571455e-09 False 0.4933224415444462 0.5961416422241973
669 0.000572777507309 False 0.4933224415444462 0.5961416422241973
670 6.27210701733e-18 False 0.4933224415444462 0.5961416422241973
671 0.00226572790258 False 0.4933224415444462 0.5961416422241973
672 0.0801582383122 False 0.4933224415444462 0.5961416422241973
673 2.49101003382e-18 False 0.4933224415444462 0.5961416422241973
674 1.44281973392e-10 False 0.4933224415444462 0.5961416422241973
675 2.00000446645e-07 False 0.4933224415444462 0.5961416422241973
676 3.35597116846e-31 False 0.4933224415444462 0.5961416422241973
677 0.00026196723985 False 0.4933224415444462 0.5961416422241973
678 7.91492556332e-17 False 0.4933224415444462 0.5961416422241973
679 0.00726384525955 False 0.4933224415444462 0.5961416422241973
680 0.0154422519415 False 0.4933224415444462 0.5961416422241973
681 0.031572402643 False 0.4933224415444462 0.5961416422241973
682 0.000611081478616 False 0.4933224415444462 0.5961416422241973
683 0.344802663217 False 0.4933224415444462 0.5961416422241973
684 9.39618261462e-15 False 0.4933224415444462 0.5961416422241973
685 1.67802356002e-15 False 0.4933224415444462 0.5961416422241973
686 0.372005861415 True 0.5127368386509245 0.583577113667508
687 1.77089496363e-30 False 0.5127368386509245 0.583577113667508
688 2.33125211615e-15 False 0.5127368386509245 0.583577113667508
689 1.09395090957e-06 False 0.5127368386509245 0.583577113667508
690 0.0127103309201 False 0.5127368386509245 0.583577113667508
691 0.0762512593706 False 0.5127368386509245 0.583577113667508
692 2.34016536094e-53 False 0.5127368386509245 0.583577113667508
693 1.0856552947e-11 False 0.5127368386509245 0.583577113667508
694 1.05674336511e-10 False 0.5127368386509245 0.583577113667508
695 1.66265521559e-05 False 0.5127368386509245 0.583577113667508
696 0.0200373375018 False 0.5127368386509245 0.583577113667508
697 3.80337546642e-25 False 0.5127368386509245 0.583577113667508
698 4.26513566664e-08 False 0.5127368386509245 0.583577113667508
699 3.84995542287e-43 False 0.5127368386509245 0.583577113667508
700 3.90755330305e-15 False 0.5127368386509245 0.583577113667508
701 0.0023269768328 False 0.5127368386509245 0.583577113667508
702 3.13171172261e-06 False 0.5127368386509245 0.583577113667508
703 4.29512672383e-14 False 0.5127368386509245 0.583577113667508
704 3.40943510728e-06 False 0.5127368386509245 0.583577113667508
705 0.000694647739763 False 0.5127368386509245 0.583577113667508
706 6.26247561563e-18 False 0.5127368386509245 0.583577113667508
707 0.00097797796663 False 0.5127368386509245 0.583577113667508
708 1.55383278486e-06 False 0.5127368386509245 0.583577113667508
709 3.12118631682e-22 False 0.5127368386509245 0.583577113667508
710 4.76559017119e-05 False 0.5127368386509245 0.583577113667508
711 2.6841921107e-09 False 0.5127368386509245 0.583577113667508
712 4.06666714432e-08 False 0.5127368386509245 0.583577113667508
713 0.00039459355307 False 0.5127368386509245 0.583577113667508
714 8.93742389021e-11 False 0.5127368386509245 0.583577113667508
715 0.362435460802 False 0.5127368386509245 0.583577113667508
716 2.26288100848e-14 False 0.5127368386509245 0.583577113667508
717 3.20707795261e-07 False 0.5127368386509245 0.583577113667508
718 3.91615384406e-06 False 0.5127368386509245 0.583577113667508
719 1.9944078846e-07 False 0.5127368386509245 0.583577113667508
720 5.75801306574e-05 False 0.5127368386509245 0.583577113667508
721 2.27507698319e-23 False 0.5127368386509245 0.583577113667508
722 4.31630803738e-09 False 0.5127368386509245 0.583577113667508
723 2.33901245586e-13 False 0.5127368386509245 0.583577113667508
724 0.000787388035871 False 0.5127368386509245 0.583577113667508
725 1.41650741397 True 0.49961906212853857 0.6243253113168941
726 4.2230700634e-05 False 0.49961906212853857 0.6243253113168941
727 2.37660871929e-07 False 0.49961906212853857 0.6243253113168941
728 2.96469479296e-07 False 0.49961906212853857 0.6243253113168941
729 0.272881134532 False 0.49961906212853857 0.6243253113168941
730 7.74303921032e-08 False 0.49961906212853857 0.6243253113168941
731 0.393500114553 False 0.49961906212853857 0.6243253113168941
732 1.67400532659e-06 False 0.49961906212853857 0.6243253113168941
733 0.00131585426229 False 0.49961906212853857 0.6243253113168941
734 0.00217134545945 False 0.49961906212853857 0.6243253113168941
735 0.15878827634 False 0.49961906212853857 0.6243253113168941
736 2.61688736836e-12 False 0.49961906212853857 0.6243253113168941
737 9.69888954316e-10 False 0.49961906212853857 0.6243253113168941
738 4.9252670247e-17 False 0.49961906212853857 0.6243253113168941
739 0.0842972452603 False 0.49961906212853857 0.6243253113168941
740 0.656631618771 True 0.5083214504092185 0.622064105445855
741 5.65590730561e-07 False 0.5083214504092185 0.622064105445855
742 0.000101823380513 False 0.5083214504092185 0.622064105445855
743 0.0388598043116 False 0.5083214504092185 0.622064105445855
744 1.8078875298e-16 False 0.5083214504092185 0.622064105445855
745 3.69068575814e-30 False 0.5083214504092185 0.622064105445855
746 5.32283391512e-06 False 0.5083214504092185 0.622064105445855
747 1.83879381053 True 0.5086896767256919 0.5901338973915202
748 4.62966686353e-07 False 0.5086896767256919 0.5901338973915202
749 0.0834197632465 False 0.5086896767256919 0.5901338973915202
750 0.002312882695 False 0.5086896767256919 0.5901338973915202
751 4.5043345034e-28 False 0.5086896767256919 0.5901338973915202
752 0.036363021571 False 0.5086896767256919 0.5901338973915202
753 1.91299068545e-05 False 0.5086896767256919 0.5901338973915202
754 0.00748186660255 False 0.5086896767256919 0.5901338973915202
755 1.0089214441e-11 False 0.5086896767256919 0.5901338973915202
756 2.33114603745e-12 False 0.5086896767256919 0.5901338973915202
757 2.01785919665e-09 False 0.5086896767256919 0.5901338973915202
758 6.76046312466e-08 False 0.5086896767256919 0.5901338973915202
759 2.30179545158e-06 False 0.5086896767256919 0.5901338973915202
760 1.61562150164e-07 False 0.5086896767256919 0.5901338973915202
761 2.86732396751e-08 False 0.5086896767256919 0.5901338973915202
762 7.73804085263e-38 False 0.5086896767256919 0.5901338973915202
763 4.58210098004e-15 False 0.5086896767256919 0.5901338973915202
764 0.000210455455568 False 0.5086896767256919 0.5901338973915202
765 1.19405199104e-10 False 0.5086896767256919 0.5901338973915202
766 0.743437288646 True 0.4828484329876969 0.5992457487066799
767 1.64656382765 True 0.5059708880096477 0.6049548566381693
768 0.418825605583 False 0.5059708880096477 0.6049548566381693
769 2.28038241804e-13 False 0.5059708880096477 0.6049548566381693
770 0.000182148377814 False 0.5059708880096477 0.6049548566381693
771 0.0011951724084 False 0.5059708880096477 0.6049548566381693
772 4.58214097266e-11 False 0.5059708880096477 0.6049548566381693
773 3.02230511514e-13 False 0.5059708880096477 0.6049548566381693
774 1.20337207633e-34 False 0.5059708880096477 0.6049548566381693
775 6.12710845473e-08 False 0.5059708880096477 0.6049548566381693
776 0.00307245814479 False 0.5059708880096477 0.6049548566381693
777 4.27739078849e-05 False 0.5059708880096477 0.6049548566381693
778 0.0968664352811 False 0.5059708880096477 0.6049548566381693
779 0.00259395544453 False 0.5059708880096477 0.6049548566381693
780 0.931636334196 True 0.5041385967110207 0.6126591252902995
781 0.0151932695329 False 0.5041385967110207 0.6126591252902995
782 4.40530801225e-20 False 0.5041385967110207 0.6126591252902995
783 5.71455590975e-15 False 0.5041385967110207 0.6126591252902995
784 1.38074346998e-20 False 0.5041385967110207 0.6126591252902995
785 0.00118054387621 False 0.5041385967110207 0.6126591252902995
786 6.8213551216e-21 False 0.5041385967110207 0.6126591252902995
787 1.00204641302e-14 False 0.5041385967110207 0.6126591252902995
788 1.2005634419e-06 False 0.5041385967110207 0.6126591252902995
789 0.000105854373671 False 0.5041385967110207 0.6126591252902995
790 4.27370328958e-34 False 0.5041385967110207 0.6126591252902995
791 7.44077953254e-18 False 0.5041385967110207 0.6126591252902995
792 0.000804513750427 False 0.5041385967110207 0.6126591252902995
793 5.17504028873e-11 False 0.5041385967110207 0.6126591252902995
794 3.95134443385e-09 False 0.5041385967110207 0.6126591252902995
795 0.000286450637316 False 0.5041385967110207 0.6126591252902995
796 1.95768876572e-15 False 0.5041385967110207 0.6126591252902995
797 1.64186442461e-18 False 0.5041385967110207 0.6126591252902995
798 2.5673470473e-06 False 0.5041385967110207 0.6126591252902995
799 7.47060073896e-08 False 0.5041385967110207 0.6126591252902995
800 0.0489085092954 False 0.5041385967110207 0.6126591252902995
801 0.000153214306978 False 0.5041385967110207 0.6126591252902995
802 2.523335065e-09 False 0.5041385967110207 0.6126591252902995
803 0.0578323363945 False 0.5041385967110207 0.6126591252902995
804 0.0210231949043 False 0.5041385967110207 0.6126591252902995
805 4.63307804486e-23 False 0.5041385967110207 0.6126591252902995
806 1.67741584591e-08 False 0.5041385967110207 0.6126591252902995
807 5.43115611621e-07 False 0.5041385967110207 0.6126591252902995
808 3.35463519731e-31 False 0.5041385967110207 0.6126591252902995
809 1.67436549883e-05 False 0.5041385967110207 0.6126591252902995
810 4.19510304261e-27 False 0.5041385967110207 0.6126591252902995
811 1.30001871718 True 0.5035497879802953 0.5965309614162864
812 3.46789489687e-07 False 0.5035497879802953 0.5965309614162864
813 0.588490878662 False 0.5035497879802953 0.5965309614162864
814 1.20775469188e-11 False 0.5035497879802953 0.5965309614162864
815 4.3669345293e-11 False 0.5035497879802953 0.5965309614162864
816 0.000698467038166 False 0.5035497879802953 0.5965309614162864
817 7.96014638803e-19 False 0.5035497879802953 0.5965309614162864
818 0.00732078307131 False 0.5035497879802953 0.5965309614162864
819 5.46544434553e-08 False 0.5035497879802953 0.5965309614162864
820 1.4755549455e-08 False 0.5035497879802953 0.5965309614162864
821 4.96548085814e-11 False 0.5035497879802953 0.5965309614162864
822 1.32487843612e-14 False 0.5035497879802953 0.5965309614162864
823 1.31655477596e-05 False 0.5035497879802953 0.5965309614162864
824 0.00100849018309 False 0.5035497879802953 0.5965309614162864
825 4.55623429052e-19 False 0.5035497879802953 0.5965309614162864
826 0.0461409381173 True 0.5067330060754458 0.6483011532038725
827 7.75341138139e-18 False 0.5067330060754458 0.6483011532038725
828 0.000483773212984 False 0.5067330060754458 0.6483011532038725
829 0.0288451406518 False 0.5067330060754458 0.6483011532038725
830 2.01465606126e-08 False 0.5067330060754458 0.6483011532038725
831 4.55559197227e-06 False 0.5067330060754458 0.6483011532038725
832 0.000550187757315 False 0.5067330060754458 0.6483011532038725
833 25.0460580637 True 0.4973272638519406 0.5984830977125262
834 9.12859970429e-06 False 0.4973272638519406 0.5984830977125262
835 2.59845301056e-08 False 0.4973272638519406 0.5984830977125262
836 0.315330779933 False 0.4973272638519406 0.5984830977125262
837 3.01877207707e-20 False 0.4973272638519406 0.5984830977125262
838 0.000707959975876 False 0.4973272638519406 0.5984830977125262
839 0.235657682557 False 0.4973272638519406 0.5984830977125262
840 0.00439102584372 False 0.4973272638519406 0.5984830977125262
841 5.11240442266e-07 False 0.4973272638519406 0.5984830977125262
842 4.52147222971e-05 False 0.4973272638519406 0.5984830977125262
843 0.0366927652689 False 0.4973272638519406 0.5984830977125262
844 2.8306215587e-06 False 0.4973272638519406 0.5984830977125262
845 0.00419798937118 False 0.4973272638519406 0.5984830977125262
846 1.76508420856e-16 False 0.4973272638519406 0.5984830977125262
847 1.7976832087e-12 False 0.4973272638519406 0.5984830977125262
848 5.04380989125e-08 False 0.4973272638519406 0.5984830977125262
849 1.25955945722e-07 False 0.4973272638519406 0.5984830977125262
850 0.000844366329361 False 0.4973272638519406 0.5984830977125262
851 0.286752758342 False 0.4973272638519406 0.5984830977125262
852 5.75609789511e-09 False 0.4973272638519406 0.5984830977125262
853 2.83036664212e-11 False 0.4973272638519406 0.5984830977125262
854 0.0608654371475 True 0.5243769497156804 0.5903090796386359
855 1.35559727789 True 0.4757269859554536 0.5799839415992448
856 1.27914750506e-23 False 0.4757269859554536 0.5799839415992448
857 1.18379374537e-17 False 0.4757269859554536 0.5799839415992448
858 2.34076835688e-14 False 0.4757269859554536 0.5799839415992448
859 2.19184688754 True 0.5181636362600224 0.602341251102693
860 3.66794067934e-05 False 0.5181636362600224 0.602341251102693
861 3.69604442255e-08 False 0.5181636362600224 0.602341251102693
862 1.45344575045e-43 False 0.5181636362600224 0.602341251102693
863 1.04001648935e-09 False 0.5181636362600224 0.602341251102693
864 3.1068089081e-13 False 0.5181636362600224 0.602341251102693
865 5.16350046563e-15 False 0.5181636362600224 0.602341251102693
866 5.45266978197e-07 False 0.5181636362600224 0.602341251102693
867 0.115333741615 False 0.5181636362600224 0.602341251102693
868 2.38790814941e-24 False 0.5181636362600224 0.602341251102693
869 0.000499236469282 False 0.5181636362600224 0.602341251102693
870 2.50636553552e-05 False 0.5181636362600224 0.602341251102693
871 0.0287513616517 False 0.5181636362600224 0.602341251102693
872 2.51575141689e-25 False 0.5181636362600224 0.602341251102693
873 0.0568829301339 False 0.5181636362600224 0.602341251102693
874 0.0222634526614 False 0.5181636362600224 0.602341251102693
875 1.09197822951e-21 False 0.5181636362600224 0.602341251102693
876 0.197154494327 False 0.5181636362600224 0.602341251102693
877 2.03097832867 True 0.5104443692361122 0.614457614918186
878 6.4229030864e-18 False 0.5104443692361122 0.614457614918186
879 1.01215568088 True 0.4955920392314426 0.6295972897343768
880 6.63264491256e-16 False 0.4955920392314426 0.6295972897343768
881 0.0314734240859 False 0.4955920392314426 0.6295972897343768
882 6.39883151791e-15 False 0.4955920392314426 0.6295972897343768
883 1.68219848946e-20 False 0.4955920392314426 0.6295972897343768
884 5.17266576996e-23 False 0.4955920392314426 0.6295972897343768
885 1.57170805615e-06 False 0.4955920392314426 0.6295972897343768
886 1.66194154055e-41 False 0.4955920392314426 0.6295972897343768
887 8.83316185053e-10 False 0.4955920392314426 0.6295972897343768
888 2.54541757048e-09 False 0.4955920392314426 0.6295972897343768
889 1.25492526834e-06 False 0.4955920392314426 0.6295972897343768
890 2.56848044446e-36 False 0.4955920392314426 0.6295972897343768
891 0.00892044743565 False 0.4955920392314426 0.6295972897343768
892 4.32977673106e-14 False 0.4955920392314426 0.6295972897343768
893 1.12639388485 True 0.48683716737663013 0.5823048450033393
894 0.00592605650966 False 0.48683716737663013 0.5823048450033393
895 1.48869407172e-07 False 0.48683716737663013 0.5823048450033393
896 0.00013399086005 False 0.48683716737663013 0.5823048450033393
897 8.13462426198e-13 False 0.48683716737663013 0.5823048450033393
898 8.53108238744e-27 False 0.48683716737663013 0.5823048450033393
899 0.0175667092428 False 0.48683716737663013 0.5823048450033393
900 5.74681657065e-07 False 0.48683716737663013 0.5823048450033393
901 3.8195323029e-14 False 0.48683716737663013 0.5823048450033393
902 1.96164474468 True 0.4942621536107014 0.6122894761823824
903 2.73914327058e-07 False 0.4942621536107014 0.6122894761823824
904 1.55713375453e-16 False 0.4942621536107014 0.6122894761823824
905 0.0648372321472 False 0.4942621536107014 0.6122894761823824
906 6.48413607925e-20 False 0.4942621536107014 0.6122894761823824
907 1.46209179986e-13 False 0.4942621536107014 0.6122894761823824
908 1.16723229189e-08 False 0.4942621536107014 0.6122894761823824
909 4.8268491227e-07 False 0.4942621536107014 0.6122894761823824
910 1.8751650784e-07 False 0.4942621536107014 0.6122894761823824
911 4.1874813696e-06 False 0.4942621536107014 0.6122894761823824
912 6.13119188689e-22 False 0.4942621536107014 0.6122894761823824
913 1.04230130169e-17 False 0.4942621536107014 0.6122894761823824
914 4.30287951609e-38 False 0.4942621536107014 0.6122894761823824
915 0.000797546796605 False 0.4942621536107014 0.6122894761823824
916 3.65915612144e-05 False 0.4942621536107014 0.6122894761823824
917 2.83243427652e-22 False 0.4942621536107014 0.6122894761823824
918 0.00131793818905 False 0.4942621536107014 0.6122894761823824
919 1.88736091807e-17 False 0.4942621536107014 0.6122894761823824
920 0.000787902885149 False 0.4942621536107014 0.6122894761823824
921 0.101383207096 False 0.4942621536107014 0.6122894761823824
922 0.0484816209212 False 0.4942621536107014 0.6122894761823824
923 3.35397508802e-18 False 0.4942621536107014 0.6122894761823824
924 6.2686380819e-35 False 0.4942621536107014 0.6122894761823824
925 0.0783127103497 False 0.4942621536107014 0.6122894761823824
926 0.071625774654 False 0.4942621536107014 0.6122894761823824
927 8.98538020571e-10 False 0.4942621536107014 0.6122894761823824
928 2.19766049921e-08 False 0.4942621536107014 0.6122894761823824
929 1.48011767073e-05 False 0.4942621536107014 0.6122894761823824
930 1.79439639487e-23 False 0.4942621536107014 0.6122894761823824
931 0.0771079449367 False 0.4942621536107014 0.6122894761823824
932 0.0115088143228 False 0.4942621536107014 0.6122894761823824
933 4.20663055366e-15 False 0.4942621536107014 0.6122894761823824
934 2.57515533083e-12 False 0.4942621536107014 0.6122894761823824
935 0.00427225236638 False 0.4942621536107014 0.6122894761823824
936 0.00816893718464 False 0.4942621536107014 0.6122894761823824
937 7.06161638844e-06 False 0.4942621536107014 0.6122894761823824
938 0.000210076789407 False 0.4942621536107014 0.6122894761823824
939 0.00038475182682 False 0.4942621536107014 0.6122894761823824
940 5.44597630647e-20 False 0.4942621536107014 0.6122894761823824
941 0.599744170571 False 0.4942621536107014 0.6122894761823824
942 3.59148060041e-10 False 0.4942621536107014 0.6122894761823824
943 0.00122961258814 False 0.4942621536107014 0.6122894761823824
944 1.17004933009 True 0.5005583187178341 0.596998211766224
945 0.000210977454477 False 0.5005583187178341 0.596998211766224
946 6.66853036047e-05 False 0.5005583187178341 0.596998211766224
947 0.858543163926 True 0.5044667416776217 0.5960243103979161
948 2.75581396057e-09 False 0.5044667416776217 0.5960243103979161
949 0.000460301111029 False 0.5044667416776217 0.5960243103979161
950 6.70071277599e-16 False 0.5044667416776217 0.5960243103979161
951 0.0224860543615 False 0.5044667416776217 0.5960243103979161
952 7.23242840606e-18 False 0.5044667416776217 0.5960243103979161
953 0.0750606863694 False 0.5044667416776217 0.5960243103979161
954 0.00606951615255 False 0.5044667416776217 0.5960243103979161
955 0.00317278941425 False 0.5044667416776217 0.5960243103979161
956 7.4844211127e-35 False 0.5044667416776217 0.5960243103979161
957 0.461127524672 False 0.5044667416776217 0.5960243103979161
958 4.18785630133e-13 False 0.5044667416776217 0.5960243103979161
959 0.300822743947 True 0.48940159739041966 0.5695350251037234
960 7.54994988659e-05 False 0.48940159739041966 0.5695350251037234
961 2.48833531948e-10 False 0.48940159739041966 0.5695350251037234
962 1.89656713248e-05 False 0.48940159739041966 0.5695350251037234
963 1.19780153269 True 0.5016843688995288 0.566736297026854
964 8.03991344649e-14 False 0.5016843688995288 0.566736297026854
965 1.45990531836e-09 False 0.5016843688995288 0.566736297026854
966 5.37613406775e-10 False 0.5016843688995288 0.566736297026854
967 9.58557333212e-21 False 0.5016843688995288 0.566736297026854
968 0.00158130369187 False 0.5016843688995288 0.566736297026854
969 0.0170095115238 False 0.5016843688995288 0.566736297026854
970 5.42661830905e-16 False 0.5016843688995288 0.566736297026854
971 1.75089340841e-05 False 0.5016843688995288 0.566736297026854
972 2.29860907757e-09 False 0.5016843688995288 0.566736297026854
973 0.000774994354535 False 0.5016843688995288 0.566736297026854
974 0.00224324668481 False 0.5016843688995288 0.566736297026854
975 8.67143748493e-06 False 0.5016843688995288 0.566736297026854
976 6.6040988271e-27 False 0.5016843688995288 0.566736297026854
977 1.77236227334e-25 False 0.5016843688995288 0.566736297026854
978 8.7323052657e-21 False 0.5016843688995288 0.566736297026854
979 1.27006654349e-10 False 0.5016843688995288 0.566736297026854
980 4.90285267536e-22 False 0.5016843688995288 0.566736297026854
981 0.0498614298168 False 0.5016843688995288 0.566736297026854
982 0.0484647145997 False 0.5016843688995288 0.566736297026854
983 0.00114506010601 False 0.5016843688995288 0.566736297026854
984 1.52081397358 True 0.5098119970784405 0.5832347998630936
985 1.17223322556e-12 False 0.5098119970784405 0.5832347998630936
986 0.0380884123282 False 0.5098119970784405 0.5832347998630936
987 0.00104154833807 False 0.5098119970784405 0.5832347998630936
988 0.000411921451521 False 0.5098119970784405 0.5832347998630936
989 1.15055299808e-05 False 0.5098119970784405 0.5832347998630936
990 0.185828407059 False 0.5098119970784405 0.5832347998630936
991 2.83255843839e-20 False 0.5098119970784405 0.5832347998630936
992 1.15271362063e-10 False 0.5098119970784405 0.5832347998630936
993 2.27688814701e-12 False 0.5098119970784405 0.5832347998630936
994 6.39620738163e-16 False 0.5098119970784405 0.5832347998630936
995 1.22652260123 True 0.4994876546430208 0.5765484847569866
996 0.00242037320953 False 0.4994876546430208 0.5765484847569866
997 0.115871087985 False 0.4994876546430208 0.5765484847569866
998 0.00159762604263 False 0.4994876546430208 0.5765484847569866
999 6.35117098643e-06 False 0.4994876546430208 0.5765484847569866
