j ratio accept a b
0 4.81575922405e-37 False 0.0 1.0
1 1.84538568573e+64 True 0.04845305489634669 1.0302253439255271
2 9.99948926019e+55 True 0.07924962880575077 0.9855390240104632
3 6.28947086695e+87 True 0.15713741744603119 1.0041410013603294
4 507689162593.0 True 0.17704946687079082 1.03041507312742
5 2.67068273201e-19 False 0.17704946687079082 1.03041507312742
6 3.49509828153e-30 False 0.17704946687079082 1.03041507312742
7 2.55061321558e-12 False 0.17704946687079082 1.03041507312742
8 3.96612266329e-27 False 0.17704946687079082 1.03041507312742
9 0.0124761807552 False 0.17704946687079082 1.03041507312742
10 1.7235356173e-39 False 0.17704946687079082 1.03041507312742
11 5.16434902984e+24 True 0.1985725102504607 1.0184579679972932
12 1.26995935397e+18 True 0.2204631023861288 1.0220405726548059
13 3.49794221122e-32 False 0.2204631023861288 1.0220405726548059
14 2.28304051736e-16 False 0.2204631023861288 1.0220405726548059
15 1.51288771718e-10 False 0.2204631023861288 1.0220405726548059
16 68.7386365659 True 0.21003173740225778 0.989365424273263
17 0.000148128148705 False 0.21003173740225778 0.989365424273263
18 5794363.32143 True 0.23266358082090516 1.0261826887067933
19 311323434816.0 True 0.24548122504234865 1.0220769253118491
20 2.19531836002e-24 False 0.24548122504234865 1.0220769253118491
21 1.33196287217e+45 True 0.2826415278300963 0.9650384594533286
22 25.0525020757 True 0.26261025647419806 0.9108019759954316
23 8.09310170283e-17 False 0.26261025647419806 0.9108019759954316
24 4.58217055444e-28 False 0.26261025647419806 0.9108019759954316
25 4.14078675999e+21 True 0.3140589308326898 0.9509791196787707
26 1.89769635595e-10 False 0.3140589308326898 0.9509791196787707
27 4.32901688793e-37 False 0.3140589308326898 0.9509791196787707
28 11172291.0493 True 0.3391123161212572 0.9684701905422775
29 3.44891924096e-05 False 0.3391123161212572 0.9684701905422775
30 5.54567427231e+31 True 0.3754650729925986 0.9112312681181454
31 3.04600579786e+15 True 0.40126009802125856 0.8824639293461496
32 5.56030077401e+13 True 0.40733849931029414 0.8293424179068449
33 4.84396454067e+13 True 0.41755296985785356 0.764906084489001
34 0.00330964634936 False 0.41755296985785356 0.764906084489001
35 653.146957092 True 0.43269359358025106 0.7672445047720575
36 5.08201976532e-11 False 0.43269359358025106 0.7672445047720575
37 0.00183716335113 False 0.43269359358025106 0.7672445047720575
38 35814062583.3 True 0.43170461388053316 0.6501647943088871
39 845.803113787 True 0.44324775349057566 0.6096843383439912
40 2778.02564334 True 0.47868604430295075 0.5614101256716185
41 0.941620418853 True 0.5000372557786603 0.5438721861062865
42 6.52065713654e-07 False 0.5000372557786603 0.5438721861062865
43 0.0228227340542 False 0.5000372557786603 0.5438721861062865
44 1.55629669411 True 0.5160012096158391 0.5567621163088622
45 0.0100311415706 False 0.5160012096158391 0.5567621163088622
46 0.0270081436494 False 0.5160012096158391 0.5567621163088622
47 2.79840811414e-05 False 0.5160012096158391 0.5567621163088622
48 4.16190490055e-16 False 0.5160012096158391 0.5567621163088622
49 6.94457475686 True 0.5082936596195948 0.5738410126637534
50 0.00560171436276 False 0.5082936596195948 0.5738410126637534
51 0.858504430608 True 0.515218129138699 0.5969333090099714
52 0.00116200448011 False 0.515218129138699 0.5969333090099714
53 2.64362174904e-14 False 0.515218129138699 0.5969333090099714
54 0.508580492538 False 0.515218129138699 0.5969333090099714
55 0.727878924408 False 0.515218129138699 0.5969333090099714
56 0.000297476163728 False 0.515218129138699 0.5969333090099714
57 0.765354167627 True 0.48038101598546545 0.5855815398828202
58 0.347417158571 False 0.48038101598546545 0.5855815398828202
59 4.56187183722e-11 False 0.48038101598546545 0.5855815398828202
60 0.206671325866 True 0.5084407506542077 0.5490555697735625
61 0.0335656710477 False 0.5084407506542077 0.5490555697735625
62 4.58854068211e-06 False 0.5084407506542077 0.5490555697735625
63 6.19567823923e-10 False 0.5084407506542077 0.5490555697735625
64 5.88138717654e-07 False 0.5084407506542077 0.5490555697735625
65 18.0977371312 True 0.5033231167852574 0.603652377828904
66 0.000180761672623 False 0.5033231167852574 0.603652377828904
67 1.01420543506 True 0.50368363960946 0.5972704803627688
68 0.0370203710539 False 0.50368363960946 0.5972704803627688
69 0.00120647379814 False 0.50368363960946 0.5972704803627688
70 0.149871952444 False 0.50368363960946 0.5972704803627688
71 1.32937965808e-08 False 0.50368363960946 0.5972704803627688
72 0.147070107236 False 0.50368363960946 0.5972704803627688
73 6.98850048762e-09 False 0.50368363960946 0.5972704803627688
74 0.0285890070239 False 0.50368363960946 0.5972704803627688
75 0.169275037692 False 0.50368363960946 0.5972704803627688
76 1.13395738964e-08 False 0.50368363960946 0.5972704803627688
77 0.000935204316386 False 0.50368363960946 0.5972704803627688
78 0.124009022826 False 0.50368363960946 0.5972704803627688
79 2.20234783062e-09 False 0.50368363960946 0.5972704803627688
80 0.000267193138402 False 0.50368363960946 0.5972704803627688
81 1.50341381552e-05 False 0.50368363960946 0.5972704803627688
82 0.000106224841922 False 0.50368363960946 0.5972704803627688
83 0.00773365409025 False 0.50368363960946 0.5972704803627688
84 0.00401195132294 False 0.50368363960946 0.5972704803627688
85 0.000671349894063 False 0.50368363960946 0.5972704803627688
86 2.3605008549e-09 False 0.50368363960946 0.5972704803627688
87 6.76919234002e-11 False 0.50368363960946 0.5972704803627688
88 7.93847076176e-09 False 0.50368363960946 0.5972704803627688
89 0.000110737547863 False 0.50368363960946 0.5972704803627688
90 0.216450449697 False 0.50368363960946 0.5972704803627688
91 2.19988086947e-05 False 0.50368363960946 0.5972704803627688
92 0.0885946262327 False 0.50368363960946 0.5972704803627688
93 0.00037726939957 False 0.50368363960946 0.5972704803627688
94 1.07742581804 True 0.5008593918203387 0.6041489407643974
95 4.30997683438e-07 False 0.5008593918203387 0.6041489407643974
96 0.603948333011 False 0.5008593918203387 0.6041489407643974
97 0.222712675939 False 0.5008593918203387 0.6041489407643974
98 0.155644256217 False 0.5008593918203387 0.6041489407643974
99 0.762116999855 True 0.5066830946822897 0.593361594537316
100 0.0163082050255 False 0.5066830946822897 0.593361594537316
101 0.00824145685395 False 0.5066830946822897 0.593361594537316
102 1.81315756399e-06 False 0.5066830946822897 0.593361594537316
103 0.156021769154 False 0.5066830946822897 0.593361594537316
104 0.109379357558 False 0.5066830946822897 0.593361594537316
105 0.00159880529282 False 0.5066830946822897 0.593361594537316
106 0.169525262105 False 0.5066830946822897 0.593361594537316
107 0.000481349826942 False 0.5066830946822897 0.593361594537316
108 0.00932245228223 False 0.5066830946822897 0.593361594537316
109 0.000247235030109 False 0.5066830946822897 0.593361594537316
110 1.25562513022e-09 False 0.5066830946822897 0.593361594537316
111 0.000344756068117 False 0.5066830946822897 0.593361594537316
112 0.0108825575629 False 0.5066830946822897 0.593361594537316
113 0.484442462548 False 0.5066830946822897 0.593361594537316
114 0.0583685867149 False 0.5066830946822897 0.593361594537316
115 0.0422615128871 False 0.5066830946822897 0.593361594537316
116 4.27891164149e-07 False 0.5066830946822897 0.593361594537316
117 0.018119774926 False 0.5066830946822897 0.593361594537316
118 0.0288853105792 False 0.5066830946822897 0.593361594537316
119 0.231519584441 False 0.5066830946822897 0.593361594537316
120 0.000219396922813 False 0.5066830946822897 0.593361594537316
121 0.0287436517637 False 0.5066830946822897 0.593361594537316
122 0.000395202982754 False 0.5066830946822897 0.593361594537316
123 0.168219063761 False 0.5066830946822897 0.593361594537316
124 0.0824763717896 False 0.5066830946822897 0.593361594537316
125 0.185110703796 False 0.5066830946822897 0.593361594537316
126 0.00516791885787 False 0.5066830946822897 0.593361594537316
127 0.00586248377072 False 0.5066830946822897 0.593361594537316
128 1.1997711204 True 0.5039792326960186 0.599319897224134
129 0.125411279933 False 0.5039792326960186 0.599319897224134
130 1.51929961994e-06 False 0.5039792326960186 0.599319897224134
131 4.83481427822e-10 False 0.5039792326960186 0.599319897224134
132 0.575658349522 False 0.5039792326960186 0.599319897224134
133 0.150292126774 False 0.5039792326960186 0.599319897224134
134 0.000201029575513 False 0.5039792326960186 0.599319897224134
135 3.37536341197e-08 False 0.5039792326960186 0.599319897224134
136 0.218016918454 False 0.5039792326960186 0.599319897224134
137 3.855386959e-06 False 0.5039792326960186 0.599319897224134
138 0.000335108779176 False 0.5039792326960186 0.599319897224134
139 0.847190959756 True 0.5053934220771876 0.588960138321399
140 0.232946938507 False 0.5053934220771876 0.588960138321399
141 0.302707680524 False 0.5053934220771876 0.588960138321399
142 0.000614410044818 False 0.5053934220771876 0.588960138321399
143 0.373644529353 False 0.5053934220771876 0.588960138321399
144 2.63997787118e-07 False 0.5053934220771876 0.588960138321399
145 6.95166362815e-05 False 0.5053934220771876 0.588960138321399
146 1.05382687523 True 0.49047870305601254 0.5922139531394475
147 1.14957517038e-06 False 0.49047870305601254 0.5922139531394475
148 0.000484565198687 False 0.49047870305601254 0.5922139531394475
149 0.000119271013665 False 0.49047870305601254 0.5922139531394475
150 0.536324375265 False 0.49047870305601254 0.5922139531394475
151 0.000340170500912 False 0.49047870305601254 0.5922139531394475
152 0.0861648722541 False 0.49047870305601254 0.5922139531394475
153 0.442766187234 False 0.49047870305601254 0.5922139531394475
154 0.414235734123 True 0.48195822474884453 0.5886798494825443
155 0.0450660544361 False 0.48195822474884453 0.5886798494825443
156 0.0243868970827 False 0.48195822474884453 0.5886798494825443
157 0.559946289703 False 0.48195822474884453 0.5886798494825443
158 0.00352640902158 False 0.48195822474884453 0.5886798494825443
159 0.000313411021858 False 0.48195822474884453 0.5886798494825443
160 0.0855158455646 False 0.48195822474884453 0.5886798494825443
161 0.387367047627 True 0.49629963070649985 0.5566216956495905
162 0.102853900987 False 0.49629963070649985 0.5566216956495905
163 6.36587900142 True 0.48938649694218955 0.5989993227389104
164 0.0707099006472 False 0.48938649694218955 0.5989993227389104
165 1.07640584414 True 0.49633781098362983 0.6125387024346195
166 0.000705713406915 False 0.49633781098362983 0.6125387024346195
167 0.000492963147869 False 0.49633781098362983 0.6125387024346195
168 1.37130523718e-07 False 0.49633781098362983 0.6125387024346195
169 0.295261342763 False 0.49633781098362983 0.6125387024346195
170 0.684664233345 False 0.49633781098362983 0.6125387024346195
171 0.000624417802557 False 0.49633781098362983 0.6125387024346195
172 0.219765653274 False 0.49633781098362983 0.6125387024346195
173 0.0157281900945 False 0.49633781098362983 0.6125387024346195
174 0.97946404136 False 0.49633781098362983 0.6125387024346195
175 0.0529742017686 False 0.49633781098362983 0.6125387024346195
176 0.000300295752821 False 0.49633781098362983 0.6125387024346195
177 1.16087585567 True 0.4947670432997442 0.6027367590584557
178 0.242852095508 False 0.4947670432997442 0.6027367590584557
179 5.49280545837e-05 False 0.4947670432997442 0.6027367590584557
180 0.317462608727 True 0.48966898790986685 0.572347043683157
181 0.000191444453252 False 0.48966898790986685 0.572347043683157
182 5.50759432823e-11 False 0.48966898790986685 0.572347043683157
183 8.1890422691e-08 False 0.48966898790986685 0.572347043683157
184 6.43683689577e-09 False 0.48966898790986685 0.572347043683157
185 0.0314110999419 False 0.48966898790986685 0.572347043683157
186 0.0020394708096 False 0.48966898790986685 0.572347043683157
187 2.53449834607 True 0.49189491963336635 0.6118100096922655
188 2.60584149048e-09 False 0.49189491963336635 0.6118100096922655
189 0.070849791029 False 0.49189491963336635 0.6118100096922655
190 0.0169684683772 False 0.49189491963336635 0.6118100096922655
191 1.37736083737e-09 False 0.49189491963336635 0.6118100096922655
192 0.114096239872 False 0.49189491963336635 0.6118100096922655
193 0.0664230437561 False 0.49189491963336635 0.6118100096922655
194 1.20767497022 True 0.4956849600493852 0.6068177830432971
195 0.000793082200394 False 0.4956849600493852 0.6068177830432971
196 0.137365026265 False 0.4956849600493852 0.6068177830432971
197 0.270711237731 False 0.4956849600493852 0.6068177830432971
198 1.03415749003 True 0.4947844640002532 0.6017020489822559
199 0.47941743293 True 0.4997227543756253 0.6249067626267133
200 0.44596324837 False 0.4997227543756253 0.6249067626267133
201 0.141632672656 False 0.4997227543756253 0.6249067626267133
202 4.27530156864e-06 False 0.4997227543756253 0.6249067626267133
203 0.0555206043078 False 0.4997227543756253 0.6249067626267133
204 0.0732709287903 True 0.4862426782162855 0.6529971034107314
205 17.2695965405 True 0.5049967731716669 0.6145768366640075
206 2.12709657196e-05 False 0.5049967731716669 0.6145768366640075
207 0.198545789072 True 0.4959842935644977 0.5563374021881229
208 1.0658855018 True 0.5063055492423003 0.6374794353500469
209 0.000614178290679 False 0.5063055492423003 0.6374794353500469
210 0.807204244908 True 0.5216966451833975 0.5997416660884797
211 0.317092919794 False 0.5216966451833975 0.5997416660884797
212 6.61914559465 True 0.4957961915618395 0.6188203416809205
213 0.00141780908799 False 0.4957961915618395 0.6188203416809205
214 3.97828950336e-06 False 0.4957961915618395 0.6188203416809205
215 0.016426483818 False 0.4957961915618395 0.6188203416809205
216 0.228606176885 True 0.5174825504615722 0.6124749932079723
217 2.76335346842 True 0.5081526367506385 0.5777421304012414
218 0.760089223492 True 0.5127043102205745 0.5813916994347639
219 0.0370005288 False 0.5127043102205745 0.5813916994347639
220 4.69591563367e-07 False 0.5127043102205745 0.5813916994347639
221 0.0020597616484 False 0.5127043102205745 0.5813916994347639
222 0.00049442207124 False 0.5127043102205745 0.5813916994347639
223 0.00154114217595 False 0.5127043102205745 0.5813916994347639
224 0.737052604001 True 0.4939804708689985 0.5651341808838178
225 0.0010544917059 False 0.4939804708689985 0.5651341808838178
226 3.88652672495e-16 False 0.4939804708689985 0.5651341808838178
227 0.291343262905 True 0.505610298616919 0.5513305584556205
228 0.00847932390193 False 0.505610298616919 0.5513305584556205
229 3.88341783463e-08 False 0.505610298616919 0.5513305584556205
230 7.9562630808e-09 False 0.505610298616919 0.5513305584556205
231 1.11438896634e-05 False 0.505610298616919 0.5513305584556205
232 11.1980886644 True 0.4939287677946568 0.5866094205648009
233 0.056329948996 False 0.4939287677946568 0.5866094205648009
234 0.15139397667 False 0.4939287677946568 0.5866094205648009
235 0.0246056972466 False 0.4939287677946568 0.5866094205648009
236 0.923277775755 True 0.4931474528759821 0.5850813591467294
237 0.606545303396 False 0.4931474528759821 0.5850813591467294
238 0.0720661323771 False 0.4931474528759821 0.5850813591467294
239 0.00434233965687 False 0.4931474528759821 0.5850813591467294
240 1.00400848075 True 0.5035481657588533 0.585053000104624
241 1.28630808738e-08 False 0.5035481657588533 0.585053000104624
242 4.42800834659e-11 False 0.5035481657588533 0.585053000104624
243 8.12509220357e-16 False 0.5035481657588533 0.585053000104624
244 0.0301061508681 False 0.5035481657588533 0.585053000104624
245 4.07412966444e-08 False 0.5035481657588533 0.585053000104624
246 0.00071438704354 False 0.5035481657588533 0.585053000104624
247 0.000143320274969 False 0.5035481657588533 0.585053000104624
248 1.27440426783 True 0.5024368109981906 0.5976751148093763
249 0.132483842962 False 0.5024368109981906 0.5976751148093763
250 0.0597928465878 False 0.5024368109981906 0.5976751148093763
251 0.0260563744603 False 0.5024368109981906 0.5976751148093763
252 0.000402891622431 False 0.5024368109981906 0.5976751148093763
253 1.66577428071e-07 False 0.5024368109981906 0.5976751148093763
254 5.53514815411e-09 False 0.5024368109981906 0.5976751148093763
255 0.0363728122313 False 0.5024368109981906 0.5976751148093763
256 3.84353017987e-06 False 0.5024368109981906 0.5976751148093763
257 0.0266514021291 False 0.5024368109981906 0.5976751148093763
258 2.79557880097e-06 False 0.5024368109981906 0.5976751148093763
259 0.186067085277 True 0.5124057773311487 0.5676513176279403
260 0.00190667373785 False 0.5124057773311487 0.5676513176279403
261 6.32220611505e-08 False 0.5124057773311487 0.5676513176279403
262 0.692576841418 True 0.5031050840998467 0.6408217361631046
263 8.13163061295 True 0.49785630375362244 0.6061646530296441
264 5.78436509134e-06 False 0.49785630375362244 0.6061646530296441
265 0.037945227896 False 0.49785630375362244 0.6061646530296441
266 4.93042006264e-05 False 0.49785630375362244 0.6061646530296441
267 0.17398059777 False 0.49785630375362244 0.6061646530296441
268 1.21138445302e-13 False 0.49785630375362244 0.6061646530296441
269 2.15729315627e-07 False 0.49785630375362244 0.6061646530296441
270 0.0486604214394 False 0.49785630375362244 0.6061646530296441
271 0.0275911837323 False 0.49785630375362244 0.6061646530296441
272 0.0114585627536 False 0.49785630375362244 0.6061646530296441
273 7.59155677825e-08 False 0.49785630375362244 0.6061646530296441
274 0.000476307962925 False 0.49785630375362244 0.6061646530296441
275 4.04861935156e-05 False 0.49785630375362244 0.6061646530296441
276 0.000353066389372 False 0.49785630375362244 0.6061646530296441
277 7.51919195919e-07 False 0.49785630375362244 0.6061646530296441
278 0.00780995205825 False 0.49785630375362244 0.6061646530296441
279 0.440287937983 False 0.49785630375362244 0.6061646530296441
280 0.439427264562 True 0.48771002735235197 0.6231152934161317
281 2.91667718783e-09 False 0.48771002735235197 0.6231152934161317
282 0.000357152488155 False 0.48771002735235197 0.6231152934161317
283 2.66180596762e-08 False 0.48771002735235197 0.6231152934161317
284 0.00317650132192 False 0.48771002735235197 0.6231152934161317
285 0.000509385374891 False 0.48771002735235197 0.6231152934161317
286 0.345543651445 False 0.48771002735235197 0.6231152934161317
287 0.506835278009 False 0.48771002735235197 0.6231152934161317
288 0.000552077001879 False 0.48771002735235197 0.6231152934161317
289 6.15602071941e-17 False 0.48771002735235197 0.6231152934161317
290 0.000281101262554 False 0.48771002735235197 0.6231152934161317
291 0.00114835720361 False 0.48771002735235197 0.6231152934161317
292 0.0468343325233 False 0.48771002735235197 0.6231152934161317
293 1.91931444972 True 0.49447551300951914 0.6131958867070701
294 7.26936811037e-06 False 0.49447551300951914 0.6131958867070701
295 0.60652470488 True 0.5034073542148528 0.6211023698023264
296 0.0099219633003 False 0.5034073542148528 0.6211023698023264
297 0.242089868853 False 0.5034073542148528 0.6211023698023264
298 2.84236247427e-06 False 0.5034073542148528 0.6211023698023264
299 0.491550843271 True 0.49644319417911364 0.6355338215393123
300 0.324376809012 False 0.49644319417911364 0.6355338215393123
301 0.0876061344688 False 0.49644319417911364 0.6355338215393123
302 0.00012849487947 False 0.49644319417911364 0.6355338215393123
303 0.365514538862 True 0.5042972955329877 0.6429380857681767
304 0.0447879914608 False 0.5042972955329877 0.6429380857681767
305 3.54843226094e-12 False 0.5042972955329877 0.6429380857681767
306 0.0211956320826 False 0.5042972955329877 0.6429380857681767
307 2.03960631532 True 0.5169329400505444 0.579888461550202
308 0.107871345557 True 0.5294770773889103 0.5903482964008776
309 1.10743620658 True 0.5188080109710707 0.5515952745365
310 0.0318531666463 False 0.5188080109710707 0.5515952745365
311 0.000706149103058 False 0.5188080109710707 0.5515952745365
312 3.51792528772e-12 False 0.5188080109710707 0.5515952745365
313 0.000102231338739 False 0.5188080109710707 0.5515952745365
314 7.57407810628e-06 False 0.5188080109710707 0.5515952745365
315 4.13000570284e-05 False 0.5188080109710707 0.5515952745365
316 3.44835448314e-20 False 0.5188080109710707 0.5515952745365
317 0.000997336302369 False 0.5188080109710707 0.5515952745365
318 0.0488578628493 True 0.5390507301717855 0.5765315540796486
319 0.153599876132 True 0.5438355270451602 0.5687896408776196
320 6.14284003539e-07 False 0.5438355270451602 0.5687896408776196
321 0.0181115212441 False 0.5438355270451602 0.5687896408776196
322 19.8063115418 True 0.5292382851609759 0.6332139466004761
323 3.46202800537 True 0.47694602119814034 0.5535330308470213
324 0.540169229405 True 0.5035974334656294 0.5316120567881331
325 0.0649941633839 False 0.5035974334656294 0.5316120567881331
326 24.0456996199 True 0.5179110933672544 0.5776284563241509
327 0.00524234408107 False 0.5179110933672544 0.5776284563241509
328 2.97153089741 True 0.49188700612131864 0.5752322667913107
329 0.000882311375041 False 0.49188700612131864 0.5752322667913107
330 3.92798605676e-09 False 0.49188700612131864 0.5752322667913107
331 0.00418256335671 False 0.49188700612131864 0.5752322667913107
332 1.64508772303 True 0.4998722993290817 0.6164962211685467
333 0.0726411251469 False 0.4998722993290817 0.6164962211685467
334 0.00320349773564 False 0.4998722993290817 0.6164962211685467
335 3.77157410145e-08 False 0.4998722993290817 0.6164962211685467
336 0.156575322673 False 0.4998722993290817 0.6164962211685467
337 0.26575170929 True 0.5150704462151562 0.5746829073969897
338 0.00141107609954 False 0.5150704462151562 0.5746829073969897
339 6.80771510275e-08 False 0.5150704462151562 0.5746829073969897
340 0.108746097464 False 0.5150704462151562 0.5746829073969897
341 3.8752713439e-05 False 0.5150704462151562 0.5746829073969897
342 0.0948270013501 False 0.5150704462151562 0.5746829073969897
343 0.0072265987149 False 0.5150704462151562 0.5746829073969897
344 0.178120149502 True 0.5222197601809636 0.5633925483414272
345 0.000291516061438 False 0.5222197601809636 0.5633925483414272
346 3.41471096897e-08 False 0.5222197601809636 0.5633925483414272
347 1.15938008718e-08 False 0.5222197601809636 0.5633925483414272
348 0.159292938213 True 0.5140096585616902 0.5347431925862809
349 7.84803089219e-09 False 0.5140096585616902 0.5347431925862809
350 0.0184199888257 False 0.5140096585616902 0.5347431925862809
351 9.61113294119 True 0.4915735648936877 0.5505642044449167
352 6.08595997358e-11 False 0.4915735648936877 0.5505642044449167
353 0.648038553746 True 0.46851515658121695 0.59297148971593
354 0.00527463403898 False 0.46851515658121695 0.59297148971593
355 0.1501773407 False 0.46851515658121695 0.59297148971593
356 1.40552394078 True 0.49087126462883407 0.5501991714068328
357 0.218977878277 False 0.49087126462883407 0.5501991714068328
358 13.9736765774 True 0.4874799240938691 0.5946186935220794
359 0.0102077660414 False 0.4874799240938691 0.5946186935220794
360 0.0463921312775 False 0.4874799240938691 0.5946186935220794
361 0.000780599567492 False 0.4874799240938691 0.5946186935220794
362 8.70595411246e-06 False 0.4874799240938691 0.5946186935220794
363 0.148426291369 False 0.4874799240938691 0.5946186935220794
364 0.113341465001 False 0.4874799240938691 0.5946186935220794
365 0.447409594299 True 0.48375525586351736 0.6243983907052643
366 0.922683998167 True 0.49301891980977286 0.6340631539635934
367 0.105648091407 False 0.49301891980977286 0.6340631539635934
368 0.0378923603063 False 0.49301891980977286 0.6340631539635934
369 0.0206032352199 False 0.49301891980977286 0.6340631539635934
370 2.89860295153 True 0.5057226903677858 0.597339573210812
371 0.0101389802598 False 0.5057226903677858 0.597339573210812
372 4.88808528553e-07 False 0.5057226903677858 0.597339573210812
373 0.00680532738104 False 0.5057226903677858 0.597339573210812
374 9.10357653767e-09 False 0.5057226903677858 0.597339573210812
375 3.71289129862e-10 False 0.5057226903677858 0.597339573210812
376 0.102846399993 True 0.5206421530028371 0.573935768355743
377 0.000154858550806 False 0.5206421530028371 0.573935768355743
378 0.0101576033341 False 0.5206421530028371 0.573935768355743
379 0.000285270092794 False 0.5206421530028371 0.573935768355743
380 9.50750680349e-06 False 0.5206421530028371 0.573935768355743
381 1.05699923435 True 0.506952845719749 0.5538697147399656
382 1.20255584974 True 0.4968704987451617 0.5545458329291832
383 0.00233498975237 False 0.4968704987451617 0.5545458329291832
384 0.0041273188882 False 0.4968704987451617 0.5545458329291832
385 7.3186769355e-10 False 0.4968704987451617 0.5545458329291832
386 0.726620758037 False 0.4968704987451617 0.5545458329291832
387 3.4509940623e-06 False 0.4968704987451617 0.5545458329291832
388 0.159794850923 False 0.4968704987451617 0.5545458329291832
389 0.0024088896307 False 0.4968704987451617 0.5545458329291832
390 0.873439864544 True 0.504643121425433 0.5533937976176027
391 1.28434879315 True 0.4835391050355663 0.5670244614308291
392 0.000762669557981 False 0.4835391050355663 0.5670244614308291
393 0.000629343446619 False 0.4835391050355663 0.5670244614308291
394 3.7253197679 True 0.4868218906471613 0.5824348035179896
395 2.04158429783 True 0.5032041505054388 0.6032394240515015
396 0.0253767769083 False 0.5032041505054388 0.6032394240515015
397 0.000540520351135 False 0.5032041505054388 0.6032394240515015
398 1.02229815718e-05 False 0.5032041505054388 0.6032394240515015
399 0.0117733710835 False 0.5032041505054388 0.6032394240515015
400 0.00185886980923 False 0.5032041505054388 0.6032394240515015
401 0.00757780282025 False 0.5032041505054388 0.6032394240515015
402 0.00102231178217 False 0.5032041505054388 0.6032394240515015
403 1.39551333202e-06 False 0.5032041505054388 0.6032394240515015
404 0.0346008131531 False 0.5032041505054388 0.6032394240515015
405 0.0223742216766 False 0.5032041505054388 0.6032394240515015
406 0.224685550791 True 0.5157911389327032 0.5777356389080465
407 6.4316355214e-07 False 0.5157911389327032 0.5777356389080465
408 0.81079869445 True 0.5158371321881275 0.6177401105804801
409 0.00132166123029 False 0.5158371321881275 0.6177401105804801
410 0.00604490605215 False 0.5158371321881275 0.6177401105804801
411 1.35600521131 True 0.5020617856520389 0.6348074322201341
412 0.000102861371819 False 0.5020617856520389 0.6348074322201341
413 0.0549873479076 False 0.5020617856520389 0.6348074322201341
414 0.561807877313 True 0.5093774845136945 0.6344867020842888
415 0.00480652897911 False 0.5093774845136945 0.6344867020842888
416 4.84716027796 True 0.4859865718350174 0.5959700795346554
417 2.35026254186e-05 False 0.4859865718350174 0.5959700795346554
418 0.00990942379539 False 0.4859865718350174 0.5959700795346554
419 0.116863621133 False 0.4859865718350174 0.5959700795346554
420 1.90637535356e-14 False 0.4859865718350174 0.5959700795346554
421 0.0301383863855 False 0.4859865718350174 0.5959700795346554
422 0.0274825405989 False 0.4859865718350174 0.5959700795346554
423 0.0290958541092 False 0.4859865718350174 0.5959700795346554
424 3.485275452e-11 False 0.4859865718350174 0.5959700795346554
425 2.71657109402e-06 False 0.4859865718350174 0.5959700795346554
426 2.65493828863e-11 False 0.4859865718350174 0.5959700795346554
427 0.000929057869028 False 0.4859865718350174 0.5959700795346554
428 0.757328709848 True 0.5078247123912857 0.5780692758399719
429 0.302029385588 False 0.5078247123912857 0.5780692758399719
430 2.15492210683 True 0.49939955478540776 0.5927951366783043
431 0.605772877688 False 0.49939955478540776 0.5927951366783043
432 6.62278306945e-06 False 0.49939955478540776 0.5927951366783043
433 1.88803635663e-09 False 0.49939955478540776 0.5927951366783043
434 1.68333555012e-06 False 0.49939955478540776 0.5927951366783043
435 5.19374566312e-06 False 0.49939955478540776 0.5927951366783043
436 0.102329552904 False 0.49939955478540776 0.5927951366783043
437 0.177037240549 False 0.49939955478540776 0.5927951366783043
438 0.00598625276808 False 0.49939955478540776 0.5927951366783043
439 0.136250030736 False 0.49939955478540776 0.5927951366783043
440 0.136664905592 False 0.49939955478540776 0.5927951366783043
441 0.61756207988 True 0.4859637868675176 0.6078223272546477
442 1.06895660116 True 0.4994824903998925 0.6194435625330494
443 0.0310301362258 False 0.4994824903998925 0.6194435625330494
444 0.0044763697322 False 0.4994824903998925 0.6194435625330494
445 0.140495270499 False 0.4994824903998925 0.6194435625330494
446 0.919416237934 True 0.5070159246913863 0.6111007514046283
447 0.317087110086 False 0.5070159246913863 0.6111007514046283
448 1.98835047987e-05 False 0.5070159246913863 0.6111007514046283
449 0.878251810309 True 0.4849964056299395 0.5934040336056315
450 9.60468022652e-10 False 0.4849964056299395 0.5934040336056315
451 0.752432654138 True 0.48865681070300926 0.577102611600661
452 7.14609557153e-05 False 0.48865681070300926 0.577102611600661
453 1.53129177174e-05 False 0.48865681070300926 0.577102611600661
454 0.126779923615 False 0.48865681070300926 0.577102611600661
455 0.0748750540251 False 0.48865681070300926 0.577102611600661
456 9.16736630832e-14 False 0.48865681070300926 0.577102611600661
457 0.0366091904148 False 0.48865681070300926 0.577102611600661
458 0.0151224018999 False 0.48865681070300926 0.577102611600661
459 0.00442650701885 False 0.48865681070300926 0.577102611600661
460 0.0775391407039 False 0.48865681070300926 0.577102611600661
461 0.0057794620713 False 0.48865681070300926 0.577102611600661
462 0.078471450727 False 0.48865681070300926 0.577102611600661
463 2.59689275108 True 0.49521012676715237 0.600903148131056
464 0.0327012561016 False 0.49521012676715237 0.600903148131056
465 0.0328307930671 False 0.49521012676715237 0.600903148131056
466 0.013717953775 False 0.49521012676715237 0.600903148131056
467 0.41024606459 False 0.49521012676715237 0.600903148131056
468 0.924603368169 True 0.5017262199644439 0.6036921497794941
469 0.108916471378 False 0.5017262199644439 0.6036921497794941
470 0.0758842084848 False 0.5017262199644439 0.6036921497794941
471 0.00558638614829 False 0.5017262199644439 0.6036921497794941
472 0.0235531787517 False 0.5017262199644439 0.6036921497794941
473 0.0546157566003 False 0.5017262199644439 0.6036921497794941
474 0.0622281154686 False 0.5017262199644439 0.6036921497794941
475 0.000154177565087 False 0.5017262199644439 0.6036921497794941
476 0.129282746529 False 0.5017262199644439 0.6036921497794941
477 0.205907071348 False 0.5017262199644439 0.6036921497794941
478 0.0281454198851 False 0.5017262199644439 0.6036921497794941
479 0.00266355777858 False 0.5017262199644439 0.6036921497794941
480 0.849205124839 True 0.4976294732731878 0.6148860168961573
481 0.0430516408099 False 0.4976294732731878 0.6148860168961573
482 1.31110013791e-06 False 0.4976294732731878 0.6148860168961573
483 0.623326059556 True 0.4865178542214528 0.5865092383978907
484 2.59317965847e-07 False 0.4865178542214528 0.5865092383978907
485 0.497013348689 True 0.516659998265916 0.5988530572006283
486 0.627473742876 True 0.5186531494282441 0.5825029377585738
487 0.0175583139558 False 0.5186531494282441 0.5825029377585738
488 1.79119799313e-05 False 0.5186531494282441 0.5825029377585738
489 1.70521791739e-08 False 0.5186531494282441 0.5825029377585738
490 1.26755833681 True 0.5077907948278945 0.563904165669522
491 0.0306779486568 False 0.5077907948278945 0.563904165669522
492 4.05450545578 True 0.4973967273066316 0.5843631306905831
493 0.263587198309 False 0.4973967273066316 0.5843631306905831
494 0.258832028254 False 0.4973967273066316 0.5843631306905831
495 0.00319268839447 False 0.4973967273066316 0.5843631306905831
496 0.128050321745 False 0.4973967273066316 0.5843631306905831
497 0.000374098614564 False 0.4973967273066316 0.5843631306905831
498 0.113018616273 False 0.4973967273066316 0.5843631306905831
499 0.218082506294 False 0.4973967273066316 0.5843631306905831
500 1.18352409909e-05 False 0.4973967273066316 0.5843631306905831
501 0.0247622828622 False 0.4973967273066316 0.5843631306905831
502 0.0788858050742 False 0.4973967273066316 0.5843631306905831
503 0.114849539177 False 0.4973967273066316 0.5843631306905831
504 3.0365726796e-07 False 0.4973967273066316 0.5843631306905831
505 1.08620652418 True 0.4966050966253978 0.5872754492968545
506 3.59526787344e-12 False 0.4966050966253978 0.5872754492968545
507 0.170480993542 False 0.4966050966253978 0.5872754492968545
508 0.383055878185 False 0.4966050966253978 0.5872754492968545
509 0.0212445000665 False 0.4966050966253978 0.5872754492968545
510 0.00230752093476 False 0.4966050966253978 0.5872754492968545
511 0.345286270028 True 0.4891237590148943 0.6310481402109596
512 1.70307760382e-06 False 0.4891237590148943 0.6310481402109596
513 1.26691272875 True 0.5019560788193677 0.6274013101096824
514 0.155849277126 False 0.5019560788193677 0.6274013101096824
515 2.48957093753 True 0.4924914015737642 0.6007351816314136
516 0.0410044471731 False 0.4924914015737642 0.6007351816314136
517 0.165600374662 False 0.4924914015737642 0.6007351816314136
518 0.00232453862157 False 0.4924914015737642 0.6007351816314136
519 0.345533568922 True 0.480525746880479 0.6104842711504302
520 0.162107665926 False 0.480525746880479 0.6104842711504302
521 2.45607933899 True 0.49035795096607365 0.6088849437850451
522 1.2397742734e-07 False 0.49035795096607365 0.6088849437850451
523 0.000541069789653 False 0.49035795096607365 0.6088849437850451
524 0.000314114462829 False 0.49035795096607365 0.6088849437850451
525 0.0173132424304 False 0.49035795096607365 0.6088849437850451
526 0.0345033119175 False 0.49035795096607365 0.6088849437850451
527 0.00029022482701 False 0.49035795096607365 0.6088849437850451
528 0.000529895819282 False 0.49035795096607365 0.6088849437850451
529 0.424877870774 False 0.49035795096607365 0.6088849437850451
530 0.11103900776 False 0.49035795096607365 0.6088849437850451
531 0.0629389202323 False 0.49035795096607365 0.6088849437850451
532 5.89137035779e-12 False 0.49035795096607365 0.6088849437850451
533 0.0169061108443 False 0.49035795096607365 0.6088849437850451
534 0.280516569585 False 0.49035795096607365 0.6088849437850451
535 0.00147986695157 False 0.49035795096607365 0.6088849437850451
536 0.00292667281345 False 0.49035795096607365 0.6088849437850451
537 0.47686831607 False 0.49035795096607365 0.6088849437850451
538 0.0987196229237 False 0.49035795096607365 0.6088849437850451
539 0.162578940352 False 0.49035795096607365 0.6088849437850451
540 0.0381585160178 False 0.49035795096607365 0.6088849437850451
541 0.0514556241013 False 0.49035795096607365 0.6088849437850451
542 0.0169906889849 False 0.49035795096607365 0.6088849437850451
543 0.891981562912 True 0.4975021551049125 0.617879574375134
544 2.15347511462e-06 False 0.4975021551049125 0.617879574375134
545 0.0845622734025 False 0.4975021551049125 0.617879574375134
546 0.0103923816846 False 0.4975021551049125 0.617879574375134
547 0.00503276787155 False 0.4975021551049125 0.617879574375134
548 0.0271828445352 False 0.4975021551049125 0.617879574375134
549 0.000186899876921 False 0.4975021551049125 0.617879574375134
550 0.0849211996892 False 0.4975021551049125 0.617879574375134
551 6.31522087028e-09 False 0.4975021551049125 0.617879574375134
552 1.20433443887 True 0.5044191968524243 0.5973206768480712
553 0.0367820978536 False 0.5044191968524243 0.5973206768480712
554 0.000152350701181 False 0.5044191968524243 0.5973206768480712
555 0.82049730131 True 0.4917080197936095 0.5857966520302712
556 0.0812246308147 True 0.48731813747321645 0.5547564466179494
557 2.42362553238e-09 False 0.48731813747321645 0.5547564466179494
558 8.68581923965e-05 False 0.48731813747321645 0.5547564466179494
559 3.27414830067e-07 False 0.48731813747321645 0.5547564466179494
560 8.65266430949e-05 False 0.48731813747321645 0.5547564466179494
561 0.00028429868106 False 0.48731813747321645 0.5547564466179494
562 2.95033015917 True 0.49717800207440443 0.559515207684087
563 1.40495867632e-10 False 0.49717800207440443 0.559515207684087
564 2.4000155392 True 0.5130328436875035 0.5980895228573974
565 1.6440256519e-06 False 0.5130328436875035 0.5980895228573974
566 2.2347580649e-05 False 0.5130328436875035 0.5980895228573974
567 0.51784018625 False 0.5130328436875035 0.5980895228573974
568 0.280738550552 False 0.5130328436875035 0.5980895228573974
569 6.78743353327e-09 False 0.5130328436875035 0.5980895228573974
570 2.29173573071e-05 False 0.5130328436875035 0.5980895228573974
571 1.73659170084 True 0.48959350345997604 0.6129480086104018
572 9.08362451663e-09 False 0.48959350345997604 0.6129480086104018
573 0.000861339730617 False 0.48959350345997604 0.6129480086104018
574 0.00139504278142 False 0.48959350345997604 0.6129480086104018
575 0.228010872853 False 0.48959350345997604 0.6129480086104018
576 0.327878780923 False 0.48959350345997604 0.6129480086104018
577 1.22281206469 True 0.503160459343305 0.591047710129705
578 5.58086181535e-05 False 0.503160459343305 0.591047710129705
579 0.551631154865 False 0.503160459343305 0.591047710129705
580 1.40307963271e-09 False 0.503160459343305 0.591047710129705
581 1.07116424348 True 0.494335686259322 0.5919719867636618
582 2.71217380933e-05 False 0.494335686259322 0.5919719867636618
583 0.0605690087492 False 0.494335686259322 0.5919719867636618
584 0.281866820816 False 0.494335686259322 0.5919719867636618
585 0.024790142368 False 0.494335686259322 0.5919719867636618
586 0.0227859379384 False 0.494335686259322 0.5919719867636618
587 0.250305006711 False 0.494335686259322 0.5919719867636618
588 0.00505865405825 False 0.494335686259322 0.5919719867636618
589 2.91735562075e-07 False 0.494335686259322 0.5919719867636618
590 0.0161573402636 False 0.494335686259322 0.5919719867636618
591 0.0163097888275 False 0.494335686259322 0.5919719867636618
592 0.000571589852745 False 0.494335686259322 0.5919719867636618
593 0.00381906293848 False 0.494335686259322 0.5919719867636618
594 0.365897253073 False 0.494335686259322 0.5919719867636618
595 0.000830940387466 False 0.494335686259322 0.5919719867636618
596 0.000382512893821 False 0.494335686259322 0.5919719867636618
597 3.99390668915e-07 False 0.494335686259322 0.5919719867636618
598 0.645732195036 True 0.49585446536740985 0.5779999814077794
599 0.890826678271 False 0.49585446536740985 0.5779999814077794
600 0.232689970448 False 0.49585446536740985 0.5779999814077794
601 0.000327695531227 False 0.49585446536740985 0.5779999814077794
602 0.123230179464 True 0.5193697104611951 0.5679745943318767
603 0.0594684438271 False 0.5193697104611951 0.5679745943318767
604 0.0476949774624 False 0.5193697104611951 0.5679745943318767
605 1.31936057654 True 0.5082728610914325 0.55582571628259
606 0.00355386525731 False 0.5082728610914325 0.55582571628259
607 9.20953655268e-08 False 0.5082728610914325 0.55582571628259
608 0.0403189042965 False 0.5082728610914325 0.55582571628259
609 2.68810078776e-23 False 0.5082728610914325 0.55582571628259
610 1.73288749888e-05 False 0.5082728610914325 0.55582571628259
611 1.69722903194e-05 False 0.5082728610914325 0.55582571628259
612 0.0146710581077 False 0.5082728610914325 0.55582571628259
613 0.359031926731 True 0.5060112370848896 0.5450346816639033
614 0.00600189017008 False 0.5060112370848896 0.5450346816639033
615 4.25808463738e-05 False 0.5060112370848896 0.5450346816639033
616 14.9189088062 True 0.5098880652286303 0.6061308643125081
617 0.720865868299 True 0.4869543357445926 0.5790138861766501
618 4.91159884033e-08 False 0.4869543357445926 0.5790138861766501
619 5.17293813873e-06 False 0.4869543357445926 0.5790138861766501
620 2.50431035069e-06 False 0.4869543357445926 0.5790138861766501
621 0.983323643798 True 0.5113110879375623 0.5802205985410154
622 0.00564064142186 False 0.5113110879375623 0.5802205985410154
623 0.653460515313 True 0.4808679896876894 0.6223794697708714
624 4.03531847305e-12 False 0.4808679896876894 0.6223794697708714
625 0.214742711052 False 0.4808679896876894 0.6223794697708714
626 1.41040538856e-09 False 0.4808679896876894 0.6223794697708714
627 0.405345794712 True 0.5059351225786279 0.640859608453931
628 10.4951263333 True 0.4965079654389246 0.6029030497556882
629 0.324087176234 False 0.4965079654389246 0.6029030497556882
630 0.831877827424 False 0.4965079654389246 0.6029030497556882
631 5.04619986694e-06 False 0.4965079654389246 0.6029030497556882
632 0.00197127422361 False 0.4965079654389246 0.6029030497556882
633 0.161015706026 False 0.4965079654389246 0.6029030497556882
634 0.164406807424 False 0.4965079654389246 0.6029030497556882
635 0.529856232243 True 0.5029832908381068 0.5766350221383534
636 2.23344936914e-13 False 0.5029832908381068 0.5766350221383534
637 1.58762684082 True 0.5037911798995278 0.6035664639453092
638 4.73123890472e-07 False 0.5037911798995278 0.6035664639453092
639 0.0179855724057 False 0.5037911798995278 0.6035664639453092
640 0.0931058391321 False 0.5037911798995278 0.6035664639453092
641 0.0175676929109 False 0.5037911798995278 0.6035664639453092
642 6.51228638392e-08 False 0.5037911798995278 0.6035664639453092
643 8.68684745938e-05 False 0.5037911798995278 0.6035664639453092
644 1.33213979936e-10 False 0.5037911798995278 0.6035664639453092
645 0.00017671544099 False 0.5037911798995278 0.6035664639453092
646 3.10574370753e-05 False 0.5037911798995278 0.6035664639453092
647 2.12831795212e-06 False 0.5037911798995278 0.6035664639453092
648 0.000230819563838 False 0.5037911798995278 0.6035664639453092
649 0.0130315450001 False 0.5037911798995278 0.6035664639453092
650 8.9802973638e-05 False 0.5037911798995278 0.6035664639453092
651 0.316536365347 False 0.5037911798995278 0.6035664639453092
652 2.54904685313e-11 False 0.5037911798995278 0.6035664639453092
653 0.108551381707 False 0.5037911798995278 0.6035664639453092
654 0.583476764963 True 0.49469319345270113 0.6251887335026638
655 3.63182038986e-06 False 0.49469319345270113 0.6251887335026638
656 0.00053722045061 False 0.49469319345270113 0.6251887335026638
657 1.47313486972 True 0.49810609541100875 0.6168200515341035
658 0.00848455957448 False 0.49810609541100875 0.6168200515341035
659 2.27524908803e-06 False 0.49810609541100875 0.6168200515341035
660 3.01825377848e-08 False 0.49810609541100875 0.6168200515341035
661 0.249220934931 False 0.49810609541100875 0.6168200515341035
662 0.000275167408886 False 0.49810609541100875 0.6168200515341035
663 3.10846034659e-06 False 0.49810609541100875 0.6168200515341035
664 0.0077653350122 False 0.49810609541100875 0.6168200515341035
665 0.0965167371719 False 0.49810609541100875 0.6168200515341035
666 0.000288379207357 False 0.49810609541100875 0.6168200515341035
667 0.000164804376226 False 0.49810609541100875 0.6168200515341035
668 0.00172068642618 False 0.49810609541100875 0.6168200515341035
669 0.154147800614 False 0.49810609541100875 0.6168200515341035
670 0.000155820042668 False 0.49810609541100875 0.6168200515341035
671 1.02774884313 True 0.5055831142519301 0.5907121293704805
672 0.667204956759 True 0.4874100427523303 0.5848664192118758
673 0.0742062432293 False 0.4874100427523303 0.5848664192118758
674 0.0116160485993 False 0.4874100427523303 0.5848664192118758
675 0.626824230713 True 0.5148209535113901 0.6001160794328846
676 0.0519216531769 False 0.5148209535113901 0.6001160794328846
677 0.00573155156144 False 0.5148209535113901 0.6001160794328846
678 0.190821798308 False 0.5148209535113901 0.6001160794328846
679 0.288641276137 False 0.5148209535113901 0.6001160794328846
680 3.36870209479e-17 False 0.5148209535113901 0.6001160794328846
681 0.152648649723 True 0.516451318754538 0.6339467466675531
682 1.56886690183 True 0.5233617509993953 0.5988330426813323
683 7.16178170001 True 0.48739098138998616 0.6169654130117498
684 1.68691823271e-05 False 0.48739098138998616 0.6169654130117498
685 1.25308908615e-11 False 0.48739098138998616 0.6169654130117498
686 0.477334026373 False 0.48739098138998616 0.6169654130117498
687 0.00190409099592 False 0.48739098138998616 0.6169654130117498
688 0.00964573835881 False 0.48739098138998616 0.6169654130117498
689 1.17781128149e-05 False 0.48739098138998616 0.6169654130117498
690 1.09742587163e-08 False 0.48739098138998616 0.6169654130117498
691 1.40453990461e-05 False 0.48739098138998616 0.6169654130117498
692 0.00461103748285 False 0.48739098138998616 0.6169654130117498
693 5.57321470902e-05 False 0.48739098138998616 0.6169654130117498
694 0.34866698817 False 0.48739098138998616 0.6169654130117498
695 0.0435848304577 False 0.48739098138998616 0.6169654130117498
696 0.000291935852903 False 0.48739098138998616 0.6169654130117498
697 1.1160031871e-07 False 0.48739098138998616 0.6169654130117498
698 8.72638784868e-05 False 0.48739098138998616 0.6169654130117498
699 0.000512384883472 False 0.48739098138998616 0.6169654130117498
700 8.65319482811e-05 False 0.48739098138998616 0.6169654130117498
701 0.000845348802946 False 0.48739098138998616 0.6169654130117498
702 0.000400638351731 False 0.48739098138998616 0.6169654130117498
703 1.09356820168 True 0.4902604002616963 0.6190603833814624
704 0.00460152594296 False 0.4902604002616963 0.6190603833814624
705 0.0378111131364 False 0.4902604002616963 0.6190603833814624
706 0.0958550226086 True 0.5241799023697086 0.5820116553499423
707 0.0118375696403 False 0.5241799023697086 0.5820116553499423
708 6.40588243033e-05 False 0.5241799023697086 0.5820116553499423
709 2.43432737776e-22 False 0.5241799023697086 0.5820116553499423
710 2.33679430909e-06 False 0.5241799023697086 0.5820116553499423
711 2.46985810069 True 0.4747731134440204 0.6012133383214758
712 0.0198806955178 False 0.4747731134440204 0.6012133383214758
713 2.55601519496 True 0.4829189962133922 0.6176696365984243
714 0.689296236888 False 0.4829189962133922 0.6176696365984243
715 3.48101801449e-10 False 0.4829189962133922 0.6176696365984243
716 0.537231142923 False 0.4829189962133922 0.6176696365984243
717 1.76606373155 True 0.4895552027251007 0.6162850622379361
718 0.00729488550766 False 0.4895552027251007 0.6162850622379361
719 0.00701621874483 False 0.4895552027251007 0.6162850622379361
720 0.0994999747843 False 0.4895552027251007 0.6162850622379361
721 0.214007657313 True 0.48869900141887745 0.6409542099615265
722 0.132990645085 False 0.48869900141887745 0.6409542099615265
723 2.80000093933e-14 False 0.48869900141887745 0.6409542099615265
724 0.605370761898 True 0.48847271013976984 0.64617977775526
725 3.15929055455e-05 False 0.48847271013976984 0.64617977775526
726 2.53025123594 True 0.5033296715462012 0.6345052978458267
727 0.0165567767296 False 0.5033296715462012 0.6345052978458267
728 0.00151531545399 False 0.5033296715462012 0.6345052978458267
729 0.0082727014189 False 0.5033296715462012 0.6345052978458267
730 1.8331490952e-07 False 0.5033296715462012 0.6345052978458267
731 0.0508979214488 False 0.5033296715462012 0.6345052978458267
732 3.93337859404e-05 False 0.5033296715462012 0.6345052978458267
733 0.0485530447319 False 0.5033296715462012 0.6345052978458267
734 0.04294987368 False 0.5033296715462012 0.6345052978458267
735 0.00599535097743 False 0.5033296715462012 0.6345052978458267
736 1.34733618638 True 0.5068606969555022 0.6268198342318729
737 5.4674765442e-06 False 0.5068606969555022 0.6268198342318729
738 2.98664159276e-05 False 0.5068606969555022 0.6268198342318729
739 0.658961838181 True 0.5150517592239786 0.6173759359755482
740 1.38890464745 True 0.4866772415009183 0.5730730029916205
741 0.0155592631274 False 0.4866772415009183 0.5730730029916205
742 0.000186838831051 False 0.4866772415009183 0.5730730029916205
743 0.119803973052 False 0.4866772415009183 0.5730730029916205
744 0.00244682327236 False 0.4866772415009183 0.5730730029916205
745 1.96661713305 True 0.5106460025365728 0.5901867483485
746 0.027994285962 False 0.5106460025365728 0.5901867483485
747 1.54885901814e-05 False 0.5106460025365728 0.5901867483485
748 0.0594109991866 False 0.5106460025365728 0.5901867483485
749 0.289873118172 False 0.5106460025365728 0.5901867483485
750 0.00346501169653 False 0.5106460025365728 0.5901867483485
751 0.00109611999388 False 0.5106460025365728 0.5901867483485
752 0.000114467795597 False 0.5106460025365728 0.5901867483485
753 1.41358618797 True 0.5001944994176328 0.6164748368222716
754 0.641760131463 True 0.4836764552874499 0.6114100689661051
755 0.0183772007118 False 0.4836764552874499 0.6114100689661051
756 0.892788691327 False 0.4836764552874499 0.6114100689661051
757 0.000192141771045 False 0.4836764552874499 0.6114100689661051
758 5.98978527063e-17 False 0.4836764552874499 0.6114100689661051
759 0.000562258628956 False 0.4836764552874499 0.6114100689661051
760 4.03030824543e-07 False 0.4836764552874499 0.6114100689661051
761 2.02787619985 True 0.49324646556414703 0.5947322697127766
762 0.714988356512 False 0.49324646556414703 0.5947322697127766
763 5.73773353474e-07 False 0.49324646556414703 0.5947322697127766
764 0.10908122888 False 0.49324646556414703 0.5947322697127766
765 0.246277255407 False 0.49324646556414703 0.5947322697127766
766 0.00303630130402 False 0.49324646556414703 0.5947322697127766
767 0.0023380648295 False 0.49324646556414703 0.5947322697127766
768 0.0262486736741 False 0.49324646556414703 0.5947322697127766
769 1.00178872698 True 0.49710143199076895 0.5900760074280316
770 0.000616205172943 False 0.49710143199076895 0.5900760074280316
771 0.418355998293 False 0.49710143199076895 0.5900760074280316
772 0.0118489083983 False 0.49710143199076895 0.5900760074280316
773 9.53200013897e-07 False 0.49710143199076895 0.5900760074280316
774 0.00448836601419 False 0.49710143199076895 0.5900760074280316
775 0.0338327064445 False 0.49710143199076895 0.5900760074280316
776 0.00390090978813 False 0.49710143199076895 0.5900760074280316
777 0.373806493067 False 0.49710143199076895 0.5900760074280316
778 0.0279418215001 False 0.49710143199076895 0.5900760074280316
779 2.93027387739e-07 False 0.49710143199076895 0.5900760074280316
780 0.295408431157 False 0.49710143199076895 0.5900760074280316
781 0.00941526727085 False 0.49710143199076895 0.5900760074280316
782 0.000454324152879 False 0.49710143199076895 0.5900760074280316
783 0.0104917448678 False 0.49710143199076895 0.5900760074280316
784 0.00228962421042 False 0.49710143199076895 0.5900760074280316
785 0.000903264952358 False 0.49710143199076895 0.5900760074280316
786 0.00474746079531 False 0.49710143199076895 0.5900760074280316
787 0.0161302460892 False 0.49710143199076895 0.5900760074280316
788 6.30927847763e-07 False 0.49710143199076895 0.5900760074280316
789 1.02774310647 True 0.4956112352411973 0.6076661841982962
790 0.0417183728148 False 0.4956112352411973 0.6076661841982962
791 0.000954508674931 False 0.4956112352411973 0.6076661841982962
792 1.39920537279e-06 False 0.4956112352411973 0.6076661841982962
793 0.0324387739689 False 0.4956112352411973 0.6076661841982962
794 0.000112769008486 False 0.4956112352411973 0.6076661841982962
795 0.000695498509232 False 0.4956112352411973 0.6076661841982962
796 4.32978046217e-05 False 0.4956112352411973 0.6076661841982962
797 0.252379777364 False 0.4956112352411973 0.6076661841982962
798 4.15367898931e-12 False 0.4956112352411973 0.6076661841982962
799 0.00998194507441 False 0.4956112352411973 0.6076661841982962
800 0.297369906258 False 0.4956112352411973 0.6076661841982962
801 0.00141774038046 False 0.4956112352411973 0.6076661841982962
802 0.0524887579793 False 0.4956112352411973 0.6076661841982962
803 0.00136910316497 False 0.4956112352411973 0.6076661841982962
804 1.26031304847e-06 False 0.4956112352411973 0.6076661841982962
805 0.186231111718 True 0.4945065330371549 0.5611147892690188
806 1.3264046722e-09 False 0.4945065330371549 0.5611147892690188
807 0.00324678519533 False 0.4945065330371549 0.5611147892690188
808 0.000170690101508 False 0.4945065330371549 0.5611147892690188
809 0.183773434526 False 0.4945065330371549 0.5611147892690188
810 5.6389384958e-07 False 0.4945065330371549 0.5611147892690188
811 0.00182495652022 False 0.4945065330371549 0.5611147892690188
812 1.33486724766 True 0.4890774746113864 0.6342574594763771
813 1.69134332496 True 0.5116074009858034 0.5840007661128799
814 0.00114036479724 False 0.5116074009858034 0.5840007661128799
815 3.77570456105e-05 False 0.5116074009858034 0.5840007661128799
816 0.000591654238644 False 0.5116074009858034 0.5840007661128799
817 7.23974687331e-07 False 0.5116074009858034 0.5840007661128799
818 0.000401626479771 False 0.5116074009858034 0.5840007661128799
819 2.12653497623 True 0.4905366484725333 0.6034469359966562
820 4.85096465046e-07 False 0.4905366484725333 0.6034469359966562
821 0.00189235449209 True 0.46050482560148975 0.5752818538296524
822 175.665267818 True 0.48036630564034616 0.5913304431977993
823 2.95218067854 True 0.49260179222703715 0.611007280494058
824 2.3682670495e-12 False 0.49260179222703715 0.611007280494058
825 0.00332512803075 False 0.49260179222703715 0.611007280494058
826 0.0564985493993 False 0.49260179222703715 0.611007280494058
827 1.17527110614 True 0.49398449057855903 0.6012119460121466
828 0.108002706294 False 0.49398449057855903 0.6012119460121466
829 0.101969200985 False 0.49398449057855903 0.6012119460121466
830 0.00275236201209 False 0.49398449057855903 0.6012119460121466
831 0.173702434858 True 0.48618395082411514 0.5680688413510303
832 5.75000971328e-05 False 0.48618395082411514 0.5680688413510303
833 6.41688878421e-10 False 0.48618395082411514 0.5680688413510303
834 1.02040400032 True 0.513776064709763 0.6218283910029782
835 0.000796532422711 False 0.513776064709763 0.6218283910029782
836 0.00404551399034 False 0.513776064709763 0.6218283910029782
837 0.00715005890601 False 0.513776064709763 0.6218283910029782
838 4.31410964345e-17 False 0.513776064709763 0.6218283910029782
839 0.000698951989802 False 0.513776064709763 0.6218283910029782
840 2.17163965402 True 0.4813363167006796 0.6019913520609207
841 0.0354070110562 False 0.4813363167006796 0.6019913520609207
842 0.194342251182 False 0.4813363167006796 0.6019913520609207
843 0.0779152689652 False 0.4813363167006796 0.6019913520609207
844 0.00444033820966 False 0.4813363167006796 0.6019913520609207
845 1.55674382942 True 0.508433255542569 0.5879376209553767
846 6.25850375287e-18 False 0.508433255542569 0.5879376209553767
847 1.15055233597 True 0.4951464055983796 0.5813361173680257
848 5.68905147672e-05 False 0.4951464055983796 0.5813361173680257
849 0.0696809882185 False 0.4951464055983796 0.5813361173680257
850 0.00183816232605 False 0.4951464055983796 0.5813361173680257
851 0.835513486762 True 0.5052993893638614 0.5799116698301369
852 8.24258843343e-05 False 0.5052993893638614 0.5799116698301369
853 0.0434937179148 False 0.5052993893638614 0.5799116698301369
854 6.42448732941e-17 False 0.5052993893638614 0.5799116698301369
855 0.322133171003 False 0.5052993893638614 0.5799116698301369
856 0.00231459951801 False 0.5052993893638614 0.5799116698301369
857 0.00690797569931 False 0.5052993893638614 0.5799116698301369
858 0.0167089727915 False 0.5052993893638614 0.5799116698301369
859 0.0752376932966 False 0.5052993893638614 0.5799116698301369
860 1.12155448989e-06 False 0.5052993893638614 0.5799116698301369
861 0.00137141996221 False 0.5052993893638614 0.5799116698301369
862 0.483985368473 False 0.5052993893638614 0.5799116698301369
863 0.51397703449 False 0.5052993893638614 0.5799116698301369
864 1.4325059017e-07 False 0.5052993893638614 0.5799116698301369
865 0.0828099984026 False 0.5052993893638614 0.5799116698301369
866 0.110740418006 False 0.5052993893638614 0.5799116698301369
867 0.000171018700123 False 0.5052993893638614 0.5799116698301369
868 0.0510752536468 False 0.5052993893638614 0.5799116698301369
869 0.215135261148 True 0.47430068597388475 0.6129384239716442
870 3.77058391329 True 0.48787462362742995 0.5817037601794554
871 0.00055662157208 False 0.48787462362742995 0.5817037601794554
872 7.44714217037e-07 False 0.48787462362742995 0.5817037601794554
873 1.65647976526e-05 False 0.48787462362742995 0.5817037601794554
874 1.24056130481 True 0.48801167618724073 0.5869012421531294
875 3.91815244101e-05 False 0.48801167618724073 0.5869012421531294
876 0.107050395527 False 0.48801167618724073 0.5869012421531294
877 0.128505755897 False 0.48801167618724073 0.5869012421531294
878 0.0862420438464 False 0.48801167618724073 0.5869012421531294
879 0.0580862159761 False 0.48801167618724073 0.5869012421531294
880 0.00246789408243 False 0.48801167618724073 0.5869012421531294
881 9.25478113163e-09 False 0.48801167618724073 0.5869012421531294
882 0.52080619719 True 0.4989927780208485 0.566119987901294
883 0.0160622316154 False 0.4989927780208485 0.566119987901294
884 0.088373780195 False 0.4989927780208485 0.566119987901294
885 0.0012981742591 False 0.4989927780208485 0.566119987901294
886 1.31773554267 True 0.5062339880600167 0.5731801971233801
887 0.00621175987742 False 0.5062339880600167 0.5731801971233801
888 1.1657579972e-15 False 0.5062339880600167 0.5731801971233801
889 0.0229280786064 False 0.5062339880600167 0.5731801971233801
890 0.00241561202093 False 0.5062339880600167 0.5731801971233801
891 0.0133588096221 False 0.5062339880600167 0.5731801971233801
892 1.4461566634 True 0.5083899114127632 0.608322142112603
893 1.24856352591e-06 False 0.5083899114127632 0.608322142112603
894 1.7046155065e-05 False 0.5083899114127632 0.608322142112603
895 0.0162004089707 False 0.5083899114127632 0.608322142112603
896 2.46694919662e-05 False 0.5083899114127632 0.608322142112603
897 0.286868549172 False 0.5083899114127632 0.608322142112603
898 0.0414715763318 True 0.49607497938519596 0.5419631559677021
899 0.0624620401902 False 0.49607497938519596 0.5419631559677021
900 4.64328436691e-11 False 0.49607497938519596 0.5419631559677021
901 2.26729296641e-09 False 0.49607497938519596 0.5419631559677021
902 0.261789567339 False 0.49607497938519596 0.5419631559677021
903 0.00101551969105 False 0.49607497938519596 0.5419631559677021
904 31.4847441455 True 0.5060644998603654 0.6042229962530847
905 0.296125096658 False 0.5060644998603654 0.6042229962530847
906 0.418132618048 False 0.5060644998603654 0.6042229962530847
907 7.22837637028e-05 False 0.5060644998603654 0.6042229962530847
908 9.24395525582e-11 False 0.5060644998603654 0.6042229962530847
909 0.680771316349 False 0.5060644998603654 0.6042229962530847
910 0.0640778773572 False 0.5060644998603654 0.6042229962530847
911 0.124283155194 False 0.5060644998603654 0.6042229962530847
912 0.0838957914378 False 0.5060644998603654 0.6042229962530847
913 0.716309705637 True 0.5076178470048544 0.5818493576353471
914 7.8478731742e-07 False 0.5076178470048544 0.5818493576353471
915 5.77203907707e-12 False 0.5076178470048544 0.5818493576353471
916 1.28161771741 True 0.501765913459562 0.5810844991616464
917 4.8953269983e-06 False 0.501765913459562 0.5810844991616464
918 0.0159992918873 False 0.501765913459562 0.5810844991616464
919 0.151169017645 False 0.501765913459562 0.5810844991616464
920 0.00259014447057 False 0.501765913459562 0.5810844991616464
921 0.312354806238 False 0.501765913459562 0.5810844991616464
922 0.00149734354024 False 0.501765913459562 0.5810844991616464
923 1.11164689842e-07 False 0.501765913459562 0.5810844991616464
924 0.00467023787994 False 0.501765913459562 0.5810844991616464
925 1.17660459928e-09 False 0.501765913459562 0.5810844991616464
926 0.29555261568 False 0.501765913459562 0.5810844991616464
927 0.0430379847042 False 0.501765913459562 0.5810844991616464
928 0.224963670096 False 0.501765913459562 0.5810844991616464
929 0.000150274736638 False 0.501765913459562 0.5810844991616464
930 0.0110417571346 False 0.501765913459562 0.5810844991616464
931 0.157241866799 True 0.5070948697466513 0.5561913814578351
932 3.04609528594e-10 False 0.5070948697466513 0.5561913814578351
933 0.0393034426433 False 0.5070948697466513 0.5561913814578351
934 0.363952011044 False 0.5070948697466513 0.5561913814578351
935 8.8989014488 True 0.493307593900182 0.5967653409050315
936 1.01632081793e-06 False 0.493307593900182 0.5967653409050315
937 3.31696651354e-06 False 0.493307593900182 0.5967653409050315
938 0.0165557974332 False 0.493307593900182 0.5967653409050315
939 2.36701504131e-05 False 0.493307593900182 0.5967653409050315
940 0.000552859920094 False 0.493307593900182 0.5967653409050315
941 0.000329382976612 False 0.493307593900182 0.5967653409050315
942 0.00494014227919 False 0.493307593900182 0.5967653409050315
943 0.689591709454 False 0.493307593900182 0.5967653409050315
944 2.01367675172e-06 False 0.493307593900182 0.5967653409050315
945 0.602670686048 True 0.4858085393828593 0.6100376544932284
946 0.794832714694 False 0.4858085393828593 0.6100376544932284
947 5.49464992896e-10 False 0.4858085393828593 0.6100376544932284
948 1.0067596528 True 0.4943647645870822 0.6224065813062366
949 1.79181817852e-05 False 0.4943647645870822 0.6224065813062366
950 0.00321962996487 False 0.4943647645870822 0.6224065813062366
951 0.815531784585 True 0.48734707028122726 0.6206704218532342
952 5.57201397858e-09 False 0.48734707028122726 0.6206704218532342
953 0.249297141167 False 0.48734707028122726 0.6206704218532342
954 0.0776743321362 False 0.48734707028122726 0.6206704218532342
955 0.000554938865073 False 0.48734707028122726 0.6206704218532342
956 1.7010699474 True 0.49489461592152134 0.5859271431025505
957 6.42096206056e-05 False 0.49489461592152134 0.5859271431025505
958 0.000381585797286 False 0.49489461592152134 0.5859271431025505
959 3.50249864713e-09 False 0.49489461592152134 0.5859271431025505
960 1.22054378385e-08 False 0.49489461592152134 0.5859271431025505
961 6.85990480157e-08 False 0.49489461592152134 0.5859271431025505
962 1.1791254215e-05 False 0.49489461592152134 0.5859271431025505
963 5.90634866396e-05 False 0.49489461592152134 0.5859271431025505
964 3.96642124352e-12 False 0.49489461592152134 0.5859271431025505
965 0.224077384282 True 0.4773598454670904 0.5909820279201494
966 0.000271807290229 False 0.4773598454670904 0.5909820279201494
967 0.00125540119511 False 0.4773598454670904 0.5909820279201494
968 1.4157580565 True 0.48875245976787024 0.6331092019419607
969 3.19216580808e-05 False 0.48875245976787024 0.6331092019419607
970 0.0100093818079 False 0.48875245976787024 0.6331092019419607
971 0.344946532666 False 0.48875245976787024 0.6331092019419607
972 2.81532816783e-07 False 0.48875245976787024 0.6331092019419607
973 0.0129798115084 False 0.48875245976787024 0.6331092019419607
974 0.0883543237303 True 0.4659088161206058 0.606650447735983
975 11.102578559 True 0.47833170483295795 0.6076707685162
976 1.85660867093 True 0.48709106117383427 0.5833636139805813
977 0.152536487222 False 0.48709106117383427 0.5833636139805813
978 0.00580984622062 False 0.48709106117383427 0.5833636139805813
979 3.48213530988e-05 False 0.48709106117383427 0.5833636139805813
980 0.135330693533 False 0.48709106117383427 0.5833636139805813
981 0.271435031372 False 0.48709106117383427 0.5833636139805813
982 0.583398711107 True 0.4821739209715734 0.6230203772187979
983 4.43386937642e-05 False 0.4821739209715734 0.6230203772187979
984 0.783558621177 True 0.49509579330839315 0.5628453953337733
985 0.135663055425 False 0.49509579330839315 0.5628453953337733
986 1.04555791277e-05 False 0.49509579330839315 0.5628453953337733
987 0.139901728638 False 0.49509579330839315 0.5628453953337733
988 0.797393280105 True 0.5145482609189996 0.5709949381615874
989 4.12883897744e-10 False 0.5145482609189996 0.5709949381615874
990 1.73445713894e-08 False 0.5145482609189996 0.5709949381615874
991 0.00152643887999 False 0.5145482609189996 0.5709949381615874
992 0.0712905483199 False 0.5145482609189996 0.5709949381615874
993 2.29987509439 True 0.5096404850961526 0.6159588729530181
994 0.447243007253 False 0.5096404850961526 0.6159588729530181
995 0.656395211511 True 0.490356456445633 0.5684717551052099
996 2.59515306956e-05 False 0.490356456445633 0.5684717551052099
997 0.00665215942491 False 0.490356456445633 0.5684717551052099
998 0.0531670986412 False 0.490356456445633 0.5684717551052099
999 1.0440100627 True 0.4871439655204243 0.5729229831017416
