j ratio accept a b
0 1.99715393438e-108 False 1.0 1.0
1 9.94148103592e-294 False 1.0 1.0
2 2.96193884225e-135 False 1.0 1.0
3 2.27652907337e-240 False 1.0 1.0
4 3.66100477445e-54 False 1.0 1.0
5 4.60870486138e-168 False 1.0 1.0
6 9.09961697861e-110 False 1.0 1.0
7 7.46334952766e+77 True 0.9622764215598704 0.9737477635146178
8 5.70065213458e-84 False 0.9622764215598704 0.9737477635146178
9 7.2495013156e+145 True 0.8939969348580713 0.8736485400732783
10 2.78876831985e+104 True 0.8152054981743591 0.86103725255862
11 2.12719362647e-32 False 0.8152054981743591 0.86103725255862
12 17696.1658448 True 0.77145874577734 0.9748055401636468
13 2.901873332e-35 False 0.77145874577734 0.9748055401636468
14 3.03954816893e-81 False 0.77145874577734 0.9748055401636468
15 3.39653877835e-41 False 0.77145874577734 0.9748055401636468
16 6.58009556767e+35 True 0.789936905602099 0.8194786633726121
17 5.69671668548e+56 True 0.6907918228881903 0.9172294610892469
18 22575170.9003 True 0.7233075348768344 0.8107490852053938
19 6.75796259569e+69 True 0.5875246331333251 0.8488267724396317
20 4430831994.22 True 0.590500870881776 0.8044400102318356
21 1.79846719959e-14 False 0.590500870881776 0.8044400102318356
22 7.65476867638e+17 True 0.5895242652060337 0.7010958941182049
23 5.98829119591e+15 True 0.48684895600390404 0.7083227704186547
24 7.07524047411e-07 False 0.48684895600390404 0.7083227704186547
25 4.87507454942e-10 False 0.48684895600390404 0.7083227704186547
26 5.5084048412e-11 False 0.48684895600390404 0.7083227704186547
27 1.26731837281 True 0.4862962829272604 0.7072542572323338
28 7.38251656397e-13 False 0.4862962829272604 0.7072542572323338
29 0.000330161145921 False 0.4862962829272604 0.7072542572323338
30 0.264594795947 False 0.4862962829272604 0.7072542572323338
31 6.75906617578e-09 False 0.4862962829272604 0.7072542572323338
32 1.30961794073e-17 False 0.4862962829272604 0.7072542572323338
33 1.27004632792e-31 False 0.4862962829272604 0.7072542572323338
34 8.5527175349e-08 False 0.4862962829272604 0.7072542572323338
35 4.75650937421e-16 False 0.4862962829272604 0.7072542572323338
36 1.33007777191e-17 False 0.4862962829272604 0.7072542572323338
37 0.0857770883738 False 0.4862962829272604 0.7072542572323338
38 2228.33085905 True 0.4615211385739231 0.5949263720870147
39 22.1341336888 True 0.4928522161226321 0.5587258597058565
40 0.00808243837246 False 0.4928522161226321 0.5587258597058565
41 2.29616327742e-20 False 0.4928522161226321 0.5587258597058565
42 0.00275416280956 False 0.4928522161226321 0.5587258597058565
43 5.66855242823e-10 False 0.4928522161226321 0.5587258597058565
44 4.27522611516e-19 False 0.4928522161226321 0.5587258597058565
45 0.000258135932655 False 0.4928522161226321 0.5587258597058565
46 1.01742435704e-29 False 0.4928522161226321 0.5587258597058565
47 4.60468901095e-06 False 0.4928522161226321 0.5587258597058565
48 2.19781144513e-32 False 0.4928522161226321 0.5587258597058565
49 1.39692850725 True 0.4988360550973825 0.6384553761011605
50 1.01795525337e-39 False 0.4988360550973825 0.6384553761011605
51 1.11230973961e-18 False 0.4988360550973825 0.6384553761011605
52 2.10269176614e-27 False 0.4988360550973825 0.6384553761011605
53 0.00133229088844 False 0.4988360550973825 0.6384553761011605
54 3.66472041508e-06 False 0.4988360550973825 0.6384553761011605
55 5.47711064075e-22 False 0.4988360550973825 0.6384553761011605
56 4.22356595366e-13 False 0.4988360550973825 0.6384553761011605
57 1.0677351646e-06 False 0.4988360550973825 0.6384553761011605
58 5.0258818316e-25 False 0.4988360550973825 0.6384553761011605
59 6.04009988491e-08 False 0.4988360550973825 0.6384553761011605
60 5.4672531649e-14 False 0.4988360550973825 0.6384553761011605
61 6.33750929619e-30 False 0.4988360550973825 0.6384553761011605
62 8.1865821416e-11 False 0.4988360550973825 0.6384553761011605
63 0.0154374951224 False 0.4988360550973825 0.6384553761011605
64 5.53304261752e-08 False 0.4988360550973825 0.6384553761011605
65 0.00116926818785 False 0.4988360550973825 0.6384553761011605
66 0.0573202419796 False 0.4988360550973825 0.6384553761011605
67 0.000379015406294 False 0.4988360550973825 0.6384553761011605
68 0.417028687769 False 0.4988360550973825 0.6384553761011605
69 5.87303724319e-08 False 0.4988360550973825 0.6384553761011605
70 0.0118494830583 False 0.4988360550973825 0.6384553761011605
71 0.262622702354 True 0.4929449784429651 0.5491195852446566
72 1.65567240047e-05 False 0.4929449784429651 0.5491195852446566
73 0.951116970031 True 0.4701625590891666 0.5910855811540298
74 8.01624110714e-05 False 0.4701625590891666 0.5910855811540298
75 0.000209410186902 False 0.4701625590891666 0.5910855811540298
76 0.039282826695 False 0.4701625590891666 0.5910855811540298
77 6.5699316748e-09 False 0.4701625590891666 0.5910855811540298
78 2.72040444799e-16 False 0.4701625590891666 0.5910855811540298
79 3.09231390334 True 0.5079031805947873 0.5599605736849592
80 0.939159597698 True 0.4751065034356525 0.6152246595407227
81 2.48643494947e-08 False 0.4751065034356525 0.6152246595407227
82 5.5523332063e-28 False 0.4751065034356525 0.6152246595407227
83 5.42057206211e-08 False 0.4751065034356525 0.6152246595407227
84 4.74700696675e-08 False 0.4751065034356525 0.6152246595407227
85 5.59320098194e-07 False 0.4751065034356525 0.6152246595407227
86 9.76105954598e-15 False 0.4751065034356525 0.6152246595407227
87 2.17653818833e-10 False 0.4751065034356525 0.6152246595407227
88 5.66702469208e-06 False 0.4751065034356525 0.6152246595407227
89 1.16592997439e-19 False 0.4751065034356525 0.6152246595407227
90 5.68350691192e-06 False 0.4751065034356525 0.6152246595407227
91 4.18170467938e-08 False 0.4751065034356525 0.6152246595407227
92 1.74409836146e-46 False 0.4751065034356525 0.6152246595407227
93 2.165597798e-14 False 0.4751065034356525 0.6152246595407227
94 2.18269249512e-09 False 0.4751065034356525 0.6152246595407227
95 1.87992243582e-09 False 0.4751065034356525 0.6152246595407227
96 6.71824760054e-10 False 0.4751065034356525 0.6152246595407227
97 1.62640743236e-05 False 0.4751065034356525 0.6152246595407227
98 0.152565437991 False 0.4751065034356525 0.6152246595407227
99 0.0110836682499 False 0.4751065034356525 0.6152246595407227
100 1.38553190567e-35 False 0.4751065034356525 0.6152246595407227
101 0.000207835293831 False 0.4751065034356525 0.6152246595407227
102 1.22571044947e-05 False 0.4751065034356525 0.6152246595407227
103 0.53091618443 True 0.5014791934892111 0.5504524597690367
104 0.00229346738899 False 0.5014791934892111 0.5504524597690367
105 4.26763729479e-20 False 0.5014791934892111 0.5504524597690367
106 4.14098062859e-12 False 0.5014791934892111 0.5504524597690367
107 1.58786937762e-19 False 0.5014791934892111 0.5504524597690367
108 0.0195229900732 False 0.5014791934892111 0.5504524597690367
109 4.72501874218e-12 False 0.5014791934892111 0.5504524597690367
110 0.000214392853478 False 0.5014791934892111 0.5504524597690367
111 0.493765067328 False 0.5014791934892111 0.5504524597690367
112 2.28461242696e-06 False 0.5014791934892111 0.5504524597690367
113 0.000100976101568 False 0.5014791934892111 0.5504524597690367
114 0.465045532239 False 0.5014791934892111 0.5504524597690367
115 0.00267821083664 False 0.5014791934892111 0.5504524597690367
116 5.28403724281e-19 False 0.5014791934892111 0.5504524597690367
117 0.0755095009467 False 0.5014791934892111 0.5504524597690367
118 1.17344789289e-07 False 0.5014791934892111 0.5504524597690367
119 0.00105568955403 False 0.5014791934892111 0.5504524597690367
120 1.43886703766e-17 False 0.5014791934892111 0.5504524597690367
121 0.00941543651024 False 0.5014791934892111 0.5504524597690367
122 4.36501080938e-06 False 0.5014791934892111 0.5504524597690367
123 1.48514237072e-14 False 0.5014791934892111 0.5504524597690367
124 6.40481216459 True 0.5120623437644896 0.5967856657872888
125 4.19994394844e-14 False 0.5120623437644896 0.5967856657872888
126 7.72215612946e-25 False 0.5120623437644896 0.5967856657872888
127 2.24376416223e-07 False 0.5120623437644896 0.5967856657872888
128 7.85789108697e-26 False 0.5120623437644896 0.5967856657872888
129 2.8961555556e-08 False 0.5120623437644896 0.5967856657872888
130 6.10993859355e-21 False 0.5120623437644896 0.5967856657872888
131 1.0101682151e-09 False 0.5120623437644896 0.5967856657872888
132 1.97601970632e-07 False 0.5120623437644896 0.5967856657872888
133 2.00887493401e-09 False 0.5120623437644896 0.5967856657872888
134 0.000842507040631 False 0.5120623437644896 0.5967856657872888
135 0.000347662891883 False 0.5120623437644896 0.5967856657872888
136 3.22522870811e-11 False 0.5120623437644896 0.5967856657872888
137 4.01094238814e-06 False 0.5120623437644896 0.5967856657872888
138 5.61537294489e-18 False 0.5120623437644896 0.5967856657872888
139 0.00157541952874 False 0.5120623437644896 0.5967856657872888
140 1.25743134391e-10 False 0.5120623437644896 0.5967856657872888
141 2.07123833359e-21 False 0.5120623437644896 0.5967856657872888
142 0.00180859885445 False 0.5120623437644896 0.5967856657872888
143 7.92340770781e-05 False 0.5120623437644896 0.5967856657872888
144 1.11238632161 True 0.5061203491076927 0.5781991168622103
145 0.150456379944 False 0.5061203491076927 0.5781991168622103
146 0.640213024687 True 0.5081395892456729 0.571864471946921
147 0.00540895332424 False 0.5081395892456729 0.571864471946921
148 3.09575624718e-11 False 0.5081395892456729 0.571864471946921
149 5.67000138434e-07 False 0.5081395892456729 0.571864471946921
150 7.49408927879e-09 False 0.5081395892456729 0.571864471946921
151 4.51935993277e-06 False 0.5081395892456729 0.571864471946921
152 0.0168221003252 False 0.5081395892456729 0.571864471946921
153 9.25366113067e-05 False 0.5081395892456729 0.571864471946921
154 2.42669232966e-13 False 0.5081395892456729 0.571864471946921
155 5.84516578933e-20 False 0.5081395892456729 0.571864471946921
156 0.00252178396582 False 0.5081395892456729 0.571864471946921
157 2.00920644718e-14 False 0.5081395892456729 0.571864471946921
158 2.31765645888e-05 False 0.5081395892456729 0.571864471946921
159 1.78447064821 True 0.507528346635672 0.6104135796352049
160 1.67808382923e-36 False 0.507528346635672 0.6104135796352049
161 5.33634328813e-12 False 0.507528346635672 0.6104135796352049
162 3.44875171663e-32 False 0.507528346635672 0.6104135796352049
163 1.54556777298e-23 False 0.507528346635672 0.6104135796352049
164 0.00192377636942 False 0.507528346635672 0.6104135796352049
165 2.56624281981e-14 False 0.507528346635672 0.6104135796352049
166 0.00261760433409 False 0.507528346635672 0.6104135796352049
167 0.000221153729622 False 0.507528346635672 0.6104135796352049
168 1.66238616873e-05 False 0.507528346635672 0.6104135796352049
169 0.000183357027351 False 0.507528346635672 0.6104135796352049
170 2.22384970532e-21 False 0.507528346635672 0.6104135796352049
171 5.94846340831e-08 False 0.507528346635672 0.6104135796352049
172 6.10465445181e-12 False 0.507528346635672 0.6104135796352049
173 0.113040611722 False 0.507528346635672 0.6104135796352049
174 2.76306394333e-05 False 0.507528346635672 0.6104135796352049
175 9.2016931775e-13 False 0.507528346635672 0.6104135796352049
176 0.000104495167283 False 0.507528346635672 0.6104135796352049
177 5.81171439436e-15 False 0.507528346635672 0.6104135796352049
178 0.000541701188661 False 0.507528346635672 0.6104135796352049
179 1.99983933255e-06 False 0.507528346635672 0.6104135796352049
180 3.22929825499e-13 False 0.507528346635672 0.6104135796352049
181 2.22180293913e-15 False 0.507528346635672 0.6104135796352049
182 0.000504889213962 False 0.507528346635672 0.6104135796352049
183 8.11362165547e-08 False 0.507528346635672 0.6104135796352049
184 3.72083685963e-05 False 0.507528346635672 0.6104135796352049
185 0.166026373512 False 0.507528346635672 0.6104135796352049
186 5.72353347367e-08 False 0.507528346635672 0.6104135796352049
187 0.423859919622 True 0.4987318688795538 0.6351083523064165
188 2.46700158357e-06 False 0.4987318688795538 0.6351083523064165
189 7.79685685566e-11 False 0.4987318688795538 0.6351083523064165
190 0.00116509099442 False 0.4987318688795538 0.6351083523064165
191 2.93080464497e-10 False 0.4987318688795538 0.6351083523064165
192 1.97383291819e-07 False 0.4987318688795538 0.6351083523064165
193 2.30166811921e-25 False 0.4987318688795538 0.6351083523064165
194 0.128343880169 False 0.4987318688795538 0.6351083523064165
195 5.47791367564e-21 False 0.4987318688795538 0.6351083523064165
196 2.1960147439e-12 False 0.4987318688795538 0.6351083523064165
197 1.06220149268e-07 False 0.4987318688795538 0.6351083523064165
198 0.0153655183001 False 0.4987318688795538 0.6351083523064165
199 0.0230861148356 False 0.4987318688795538 0.6351083523064165
200 1.2876009004e-16 False 0.4987318688795538 0.6351083523064165
201 3.90565231672e-08 False 0.4987318688795538 0.6351083523064165
202 6.5871021512e-05 False 0.4987318688795538 0.6351083523064165
203 6.2293592993e-18 False 0.4987318688795538 0.6351083523064165
204 2.64400725367e-12 False 0.4987318688795538 0.6351083523064165
205 6.71731190693e-09 False 0.4987318688795538 0.6351083523064165
206 6.54975978611e-05 False 0.4987318688795538 0.6351083523064165
207 9.36897137384e-08 False 0.4987318688795538 0.6351083523064165
208 5.60909235607e-10 False 0.4987318688795538 0.6351083523064165
209 0.133411171157 False 0.4987318688795538 0.6351083523064165
210 4.99021669044e-15 False 0.4987318688795538 0.6351083523064165
211 5.45200947861e-06 False 0.4987318688795538 0.6351083523064165
212 0.000485927955932 False 0.4987318688795538 0.6351083523064165
213 4.01758187129e-12 False 0.4987318688795538 0.6351083523064165
214 0.000104869465475 False 0.4987318688795538 0.6351083523064165
215 8.5376670155e-09 False 0.4987318688795538 0.6351083523064165
216 0.000292244291028 False 0.4987318688795538 0.6351083523064165
217 3.89901082078 True 0.4996530491801873 0.5917968163718711
218 0.0625891153757 False 0.4996530491801873 0.5917968163718711
219 0.00645307665991 False 0.4996530491801873 0.5917968163718711
220 0.758739573957 True 0.5036250641162777 0.6118933913467512
221 3.58287621576e-16 False 0.5036250641162777 0.6118933913467512
222 2.76346715e-16 False 0.5036250641162777 0.6118933913467512
223 3.11498318751e-05 False 0.5036250641162777 0.6118933913467512
224 0.000973868966703 False 0.5036250641162777 0.6118933913467512
225 0.52325459989 False 0.5036250641162777 0.6118933913467512
226 1.14537138282e-06 False 0.5036250641162777 0.6118933913467512
227 0.613077388218 True 0.4826682663836137 0.6012949802750678
228 0.00260400911356 False 0.4826682663836137 0.6012949802750678
229 5.57494096508e-06 False 0.4826682663836137 0.6012949802750678
230 4.76088160487e-16 False 0.4826682663836137 0.6012949802750678
231 0.00977513098488 False 0.4826682663836137 0.6012949802750678
232 2.07921654088 True 0.4921697429004848 0.6030104842070282
233 0.000243871563779 False 0.4921697429004848 0.6030104842070282
234 0.001203225927 False 0.4921697429004848 0.6030104842070282
235 0.000211028962776 False 0.4921697429004848 0.6030104842070282
236 9.16680322808e-10 False 0.4921697429004848 0.6030104842070282
237 2.44306465094e-21 False 0.4921697429004848 0.6030104842070282
238 0.00194961394814 False 0.4921697429004848 0.6030104842070282
239 1.63949064599e-16 False 0.4921697429004848 0.6030104842070282
240 1.35390264831e-06 False 0.4921697429004848 0.6030104842070282
241 1.19160638063e-05 False 0.4921697429004848 0.6030104842070282
242 0.610506205093 True 0.4850314627104426 0.5991767257389823
243 2.17418159873e-08 False 0.4850314627104426 0.5991767257389823
244 1.35873365361e-09 False 0.4850314627104426 0.5991767257389823
245 0.0468117440403 False 0.4850314627104426 0.5991767257389823
246 1.26870143177e-20 False 0.4850314627104426 0.5991767257389823
247 0.000862717006339 False 0.4850314627104426 0.5991767257389823
248 7.39137304944e-23 False 0.4850314627104426 0.5991767257389823
249 5.47942791933e-13 False 0.4850314627104426 0.5991767257389823
250 9.71411790653e-07 False 0.4850314627104426 0.5991767257389823
251 1.10934576897e-06 False 0.4850314627104426 0.5991767257389823
252 0.0359762309613 False 0.4850314627104426 0.5991767257389823
253 0.166236778191 False 0.4850314627104426 0.5991767257389823
254 0.56264103544 True 0.4865974426472763 0.62758968355584
255 5.38972617391e-10 False 0.4865974426472763 0.62758968355584
256 7.90180460178e-10 False 0.4865974426472763 0.62758968355584
257 9.27314731745e-16 False 0.4865974426472763 0.62758968355584
258 0.0134794666621 False 0.4865974426472763 0.62758968355584
259 8.80724139606e-41 False 0.4865974426472763 0.62758968355584
260 1.04700055987e-05 False 0.4865974426472763 0.62758968355584
261 7.77471715534e-08 False 0.4865974426472763 0.62758968355584
262 2.39539667746e-17 False 0.4865974426472763 0.62758968355584
263 1.07478243938e-12 False 0.4865974426472763 0.62758968355584
264 2.10241611917e-18 False 0.4865974426472763 0.62758968355584
265 0.000186361942599 False 0.4865974426472763 0.62758968355584
266 4.24140415701e-21 False 0.4865974426472763 0.62758968355584
267 1.45328929676e-25 False 0.4865974426472763 0.62758968355584
268 2.01151915192e-07 False 0.4865974426472763 0.62758968355584
269 3.14318661151e-05 False 0.4865974426472763 0.62758968355584
270 0.0412113437121 False 0.4865974426472763 0.62758968355584
271 9.64241753467e-08 False 0.4865974426472763 0.62758968355584
272 0.0321915911633 False 0.4865974426472763 0.62758968355584
273 1.21318609854e-18 False 0.4865974426472763 0.62758968355584
274 2.81107226644e-07 False 0.4865974426472763 0.62758968355584
275 1.88302935731e-08 False 0.4865974426472763 0.62758968355584
276 0.0366967499421 False 0.4865974426472763 0.62758968355584
277 1.22236883588e-11 False 0.4865974426472763 0.62758968355584
278 0.105108995603 False 0.4865974426472763 0.62758968355584
279 1.40319796988e-19 False 0.4865974426472763 0.62758968355584
280 4.60471054806e-35 False 0.4865974426472763 0.62758968355584
281 0.00303110154589 False 0.4865974426472763 0.62758968355584
282 5.12443036487e-06 False 0.4865974426472763 0.62758968355584
283 2.59954557994e-11 False 0.4865974426472763 0.62758968355584
284 3.42597829728e-11 False 0.4865974426472763 0.62758968355584
285 3.72577855844e-05 False 0.4865974426472763 0.62758968355584
286 0.0258343637059 False 0.4865974426472763 0.62758968355584
287 2.22563687518e-10 False 0.4865974426472763 0.62758968355584
288 4.97099618617e-19 False 0.4865974426472763 0.62758968355584
289 0.0591621428297 False 0.4865974426472763 0.62758968355584
290 4.50473753994e-14 False 0.4865974426472763 0.62758968355584
291 0.0037712750651 False 0.4865974426472763 0.62758968355584
292 0.00172982475803 False 0.4865974426472763 0.62758968355584
293 4.52192333694e-12 False 0.4865974426472763 0.62758968355584
294 3.22386032958e-30 False 0.4865974426472763 0.62758968355584
295 0.182223151573 False 0.4865974426472763 0.62758968355584
296 0.567940933259 True 0.518757120915634 0.5939884170459535
297 6.76277792215e-13 False 0.518757120915634 0.5939884170459535
298 5.88642197012e-26 False 0.518757120915634 0.5939884170459535
299 1.54620153362e-09 False 0.518757120915634 0.5939884170459535
300 5.07634083073e-39 False 0.518757120915634 0.5939884170459535
301 5.04771925887e-14 False 0.518757120915634 0.5939884170459535
302 0.101520714824 False 0.518757120915634 0.5939884170459535
303 6.22909225723e-07 False 0.518757120915634 0.5939884170459535
304 1.56050321619 True 0.5142535623239664 0.6097056692381847
305 1.25146980887 True 0.5061237178969596 0.6241885030738371
306 8.52879409307e-11 False 0.5061237178969596 0.6241885030738371
307 3.31558851478e-15 False 0.5061237178969596 0.6241885030738371
308 5.38616889629e-05 False 0.5061237178969596 0.6241885030738371
309 1.75160342603e-08 False 0.5061237178969596 0.6241885030738371
310 0.536930113451 False 0.5061237178969596 0.6241885030738371
311 2.75156815379e-11 False 0.5061237178969596 0.6241885030738371
312 4.40898139877e-30 False 0.5061237178969596 0.6241885030738371
313 1.01751368872e-12 False 0.5061237178969596 0.6241885030738371
314 1.85510331998e-18 False 0.5061237178969596 0.6241885030738371
315 1.05260165259e-20 False 0.5061237178969596 0.6241885030738371
316 1.11026736623e-16 False 0.5061237178969596 0.6241885030738371
317 0.000560387580215 False 0.5061237178969596 0.6241885030738371
318 2.4045795102e-18 False 0.5061237178969596 0.6241885030738371
319 9.23660549736e-26 False 0.5061237178969596 0.6241885030738371
320 9.46194696656e-20 False 0.5061237178969596 0.6241885030738371
321 0.00864677118277 False 0.5061237178969596 0.6241885030738371
322 5.54511432757e-22 False 0.5061237178969596 0.6241885030738371
323 0.123833371709 False 0.5061237178969596 0.6241885030738371
324 2.48167265663e-13 False 0.5061237178969596 0.6241885030738371
325 0.00525187286561 False 0.5061237178969596 0.6241885030738371
326 4.56128429732e-28 False 0.5061237178969596 0.6241885030738371
327 7.76949658875e-21 False 0.5061237178969596 0.6241885030738371
328 1.53280814217e-05 False 0.5061237178969596 0.6241885030738371
329 1.41578928049e-07 False 0.5061237178969596 0.6241885030738371
330 1.96709837471 True 0.4993082767881395 0.6178241926979005
331 2.46210733743e-06 False 0.4993082767881395 0.6178241926979005
332 6.81373796931e-22 False 0.4993082767881395 0.6178241926979005
333 0.226833539716 True 0.4911033039664625 0.6403576324022002
334 7.03925998207e-10 False 0.4911033039664625 0.6403576324022002
335 0.0669649630766 True 0.4703948903578673 0.6455346780782146
336 1.50190790182e-19 False 0.4703948903578673 0.6455346780782146
337 3.94654400907e-05 False 0.4703948903578673 0.6455346780782146
338 1.79125011647e-05 False 0.4703948903578673 0.6455346780782146
339 1.1895412384e-15 False 0.4703948903578673 0.6455346780782146
340 1.1662107272e-06 False 0.4703948903578673 0.6455346780782146
341 0.00115768826278 False 0.4703948903578673 0.6455346780782146
342 2.39052202622e-38 False 0.4703948903578673 0.6455346780782146
343 3.57279449802e-10 False 0.4703948903578673 0.6455346780782146
344 1.26992390802e-10 False 0.4703948903578673 0.6455346780782146
345 3.78842996921e-25 False 0.4703948903578673 0.6455346780782146
346 0.0157007726557 False 0.4703948903578673 0.6455346780782146
347 0.0144594123895 False 0.4703948903578673 0.6455346780782146
348 1.49208194024e-40 False 0.4703948903578673 0.6455346780782146
349 2.10443679312 True 0.4658494142061345 0.6062987466402942
350 4.10611052096e-26 False 0.4658494142061345 0.6062987466402942
351 0.0847535943979 False 0.4658494142061345 0.6062987466402942
352 4.02486657818e-20 False 0.4658494142061345 0.6062987466402942
353 9.98247584139e-07 False 0.4658494142061345 0.6062987466402942
354 1.41618533371e-09 False 0.4658494142061345 0.6062987466402942
355 0.00296818072493 False 0.4658494142061345 0.6062987466402942
356 1.22585923235e-06 False 0.4658494142061345 0.6062987466402942
357 0.000161270312618 False 0.4658494142061345 0.6062987466402942
358 3.86994267402e-29 False 0.4658494142061345 0.6062987466402942
359 1.28264920151e-05 False 0.4658494142061345 0.6062987466402942
360 2.21474444519e-30 False 0.4658494142061345 0.6062987466402942
361 1.97746383438e-12 False 0.4658494142061345 0.6062987466402942
362 8.79612987054 True 0.48613707398732037 0.6346162453195958
363 2.43434786131e-05 False 0.48613707398732037 0.6346162453195958
364 0.109389622295 False 0.48613707398732037 0.6346162453195958
365 4.80600749128 True 0.5009366703906908 0.59196483167019
366 3.64989996258e-06 False 0.5009366703906908 0.59196483167019
367 0.0160200784535 False 0.5009366703906908 0.59196483167019
368 6.3762807951e-12 False 0.5009366703906908 0.59196483167019
369 6.20358868344e-09 False 0.5009366703906908 0.59196483167019
370 9.95192179498e-15 False 0.5009366703906908 0.59196483167019
371 0.000185204602363 False 0.5009366703906908 0.59196483167019
372 1.9633281905e-16 False 0.5009366703906908 0.59196483167019
373 1.15103789627e-07 False 0.5009366703906908 0.59196483167019
374 5.46740320585e-07 False 0.5009366703906908 0.59196483167019
375 1.03648471645e-05 False 0.5009366703906908 0.59196483167019
376 0.147417961104 False 0.5009366703906908 0.59196483167019
377 0.113543593267 False 0.5009366703906908 0.59196483167019
378 1.16699475815e-06 False 0.5009366703906908 0.59196483167019
379 0.0076970375714 False 0.5009366703906908 0.59196483167019
380 7.42493140682e-14 False 0.5009366703906908 0.59196483167019
381 0.00922744132757 False 0.5009366703906908 0.59196483167019
382 1.24311614675e-05 False 0.5009366703906908 0.59196483167019
383 1.02632118434e-29 False 0.5009366703906908 0.59196483167019
384 7.31147761418e-13 False 0.5009366703906908 0.59196483167019
385 6.18626746064e-06 False 0.5009366703906908 0.59196483167019
386 0.0168406236554 False 0.5009366703906908 0.59196483167019
387 3.63427384703e-18 False 0.5009366703906908 0.59196483167019
388 3.21742186891e-12 False 0.5009366703906908 0.59196483167019
389 3.0493955504e-09 False 0.5009366703906908 0.59196483167019
390 0.0809885478362 False 0.5009366703906908 0.59196483167019
391 4.101538238e-07 False 0.5009366703906908 0.59196483167019
392 3.32227234446e-11 False 0.5009366703906908 0.59196483167019
393 1.3881304337e-16 False 0.5009366703906908 0.59196483167019
394 7.21593599947e-12 False 0.5009366703906908 0.59196483167019
395 8.30883620327e-18 False 0.5009366703906908 0.59196483167019
396 8.19076353271e-32 False 0.5009366703906908 0.59196483167019
397 6.63233218045e-10 False 0.5009366703906908 0.59196483167019
398 6.0083722709e-21 False 0.5009366703906908 0.59196483167019
399 3.91529390009e-18 False 0.5009366703906908 0.59196483167019
400 0.00130348341159 False 0.5009366703906908 0.59196483167019
401 1.36430190947e-11 False 0.5009366703906908 0.59196483167019
402 1.97058401855e-11 False 0.5009366703906908 0.59196483167019
403 0.0174349586059 False 0.5009366703906908 0.59196483167019
404 2.60728240004e-12 False 0.5009366703906908 0.59196483167019
405 8.19213660019e-27 False 0.5009366703906908 0.59196483167019
406 4.30471683073e-57 False 0.5009366703906908 0.59196483167019
407 1.31453483509e-14 False 0.5009366703906908 0.59196483167019
408 0.0971731726814 False 0.5009366703906908 0.59196483167019
409 0.0014081210916 False 0.5009366703906908 0.59196483167019
410 5.32757350879e-06 False 0.5009366703906908 0.59196483167019
411 6.58589580717e-08 False 0.5009366703906908 0.59196483167019
412 3.18729340819e-18 False 0.5009366703906908 0.59196483167019
413 3.18264015206e-05 False 0.5009366703906908 0.59196483167019
414 7.79597074577e-10 False 0.5009366703906908 0.59196483167019
415 8.65378510548e-05 False 0.5009366703906908 0.59196483167019
416 0.000178601350282 False 0.5009366703906908 0.59196483167019
417 4.66512182003e-13 False 0.5009366703906908 0.59196483167019
418 0.000127743754246 False 0.5009366703906908 0.59196483167019
419 1.02491625154e-05 False 0.5009366703906908 0.59196483167019
420 0.70520286683 True 0.4897595928852425 0.5873573106694705
421 1.29263199284e-06 False 0.4897595928852425 0.5873573106694705
422 2.44141611766e-09 False 0.4897595928852425 0.5873573106694705
423 6.66243470675e-32 False 0.4897595928852425 0.5873573106694705
424 1.1113149457e-08 False 0.4897595928852425 0.5873573106694705
425 4.46094164343e-38 False 0.4897595928852425 0.5873573106694705
426 1.97452299859e-17 False 0.4897595928852425 0.5873573106694705
427 0.125519896888 False 0.4897595928852425 0.5873573106694705
428 2.68252673657e-19 False 0.4897595928852425 0.5873573106694705
429 0.183738657165 False 0.4897595928852425 0.5873573106694705
430 0.0282820969474 False 0.4897595928852425 0.5873573106694705
431 6.55331700297e-15 False 0.4897595928852425 0.5873573106694705
432 8.08924846855e-12 False 0.4897595928852425 0.5873573106694705
433 1.42636360033e-18 False 0.4897595928852425 0.5873573106694705
434 2.15960607763e-12 False 0.4897595928852425 0.5873573106694705
435 3.56053446018e-07 False 0.4897595928852425 0.5873573106694705
436 3.95142748634e-15 False 0.4897595928852425 0.5873573106694705
437 0.497020702853 True 0.4825797928603862 0.5867706683403636
438 2.53286555603e-11 False 0.4825797928603862 0.5867706683403636
439 2.50978863868e-33 False 0.4825797928603862 0.5867706683403636
440 0.0450106679852 False 0.4825797928603862 0.5867706683403636
441 5.44054152045e-14 False 0.4825797928603862 0.5867706683403636
442 2.2656338276e-13 False 0.4825797928603862 0.5867706683403636
443 0.00549047301901 False 0.4825797928603862 0.5867706683403636
444 0.109057062919 False 0.4825797928603862 0.5867706683403636
445 1.27963047483e-11 False 0.4825797928603862 0.5867706683403636
446 0.00190017889063 False 0.4825797928603862 0.5867706683403636
447 1.6066918081e-07 False 0.4825797928603862 0.5867706683403636
448 6.12108267205e-11 False 0.4825797928603862 0.5867706683403636
449 0.0020097457463 False 0.4825797928603862 0.5867706683403636
450 0.00995661191284 False 0.4825797928603862 0.5867706683403636
451 0.190767904293 False 0.4825797928603862 0.5867706683403636
452 4.5289523489e-16 False 0.4825797928603862 0.5867706683403636
453 0.000962296847 False 0.4825797928603862 0.5867706683403636
454 0.201765071241 False 0.4825797928603862 0.5867706683403636
455 2.6445615954e-21 False 0.4825797928603862 0.5867706683403636
456 2.76166144174 True 0.5020126627505386 0.6054646410661366
457 1.14781840853e-34 False 0.5020126627505386 0.6054646410661366
458 0.0105611231866 False 0.5020126627505386 0.6054646410661366
459 7.04788848765e-06 False 0.5020126627505386 0.6054646410661366
460 0.0157431896312 False 0.5020126627505386 0.6054646410661366
461 4.47954647248e-08 False 0.5020126627505386 0.6054646410661366
462 4.26774511927e-12 False 0.5020126627505386 0.6054646410661366
463 0.0402854037557 False 0.5020126627505386 0.6054646410661366
464 2.96055228777e-28 False 0.5020126627505386 0.6054646410661366
465 2.04136078949e-34 False 0.5020126627505386 0.6054646410661366
466 3.08975433517e-10 False 0.5020126627505386 0.6054646410661366
467 0.0102217828939 False 0.5020126627505386 0.6054646410661366
468 1.28640112971e-08 False 0.5020126627505386 0.6054646410661366
469 3.13792495665e-09 False 0.5020126627505386 0.6054646410661366
470 9.28685623806e-08 False 0.5020126627505386 0.6054646410661366
471 0.00625087211291 False 0.5020126627505386 0.6054646410661366
472 1.23455140205e-20 False 0.5020126627505386 0.6054646410661366
473 0.586747468003 True 0.4848043806263832 0.5958622985829978
474 7.47390094264e-14 False 0.4848043806263832 0.5958622985829978
475 3.52737401876e-19 False 0.4848043806263832 0.5958622985829978
476 0.0888938960455 True 0.523021782656084 0.6163848312210845
477 8.05258166068e-06 False 0.523021782656084 0.6163848312210845
478 1.82976818169 True 0.48564790009296005 0.5607022264956965
479 5.61417137454e-06 False 0.48564790009296005 0.5607022264956965
480 5.97927030119e-06 False 0.48564790009296005 0.5607022264956965
481 0.000745464506359 False 0.48564790009296005 0.5607022264956965
482 8.74762129584e-08 False 0.48564790009296005 0.5607022264956965
483 1.76618668251 True 0.5169183727955604 0.5750814247462085
484 2.44503648179e-13 False 0.5169183727955604 0.5750814247462085
485 2.31051335362e-14 False 0.5169183727955604 0.5750814247462085
486 2.41466440829e-05 False 0.5169183727955604 0.5750814247462085
487 5.91385871664e-05 False 0.5169183727955604 0.5750814247462085
488 4.00770945648e-07 False 0.5169183727955604 0.5750814247462085
489 1.15414724642e-13 False 0.5169183727955604 0.5750814247462085
490 0.000481378125303 False 0.5169183727955604 0.5750814247462085
491 1.19409857626e-29 False 0.5169183727955604 0.5750814247462085
492 0.000949882006864 False 0.5169183727955604 0.5750814247462085
493 0.893946697059 True 0.47459982906497117 0.6011860968156174
494 8.6468569677e-05 False 0.47459982906497117 0.6011860968156174
495 4.06564903581e-11 False 0.47459982906497117 0.6011860968156174
496 0.0433775947174 False 0.47459982906497117 0.6011860968156174
497 0.000655894739556 False 0.47459982906497117 0.6011860968156174
498 1.28869331174e-11 False 0.47459982906497117 0.6011860968156174
499 1.06376139636e-05 False 0.47459982906497117 0.6011860968156174
500 0.0384792255907 False 0.47459982906497117 0.6011860968156174
501 0.0200371921657 False 0.47459982906497117 0.6011860968156174
502 0.0574416860144 False 0.47459982906497117 0.6011860968156174
503 5.01530282212e-05 False 0.47459982906497117 0.6011860968156174
504 0.052834641567 False 0.47459982906497117 0.6011860968156174
505 0.000307313768954 False 0.47459982906497117 0.6011860968156174
506 3.9171116851e-13 False 0.47459982906497117 0.6011860968156174
507 1.25540516766e-07 False 0.47459982906497117 0.6011860968156174
508 2.69275627916e-07 False 0.47459982906497117 0.6011860968156174
509 1.51704386216e-06 False 0.47459982906497117 0.6011860968156174
510 0.000182741578482 False 0.47459982906497117 0.6011860968156174
511 8.29774688278e-19 False 0.47459982906497117 0.6011860968156174
512 1.45416043626e-11 False 0.47459982906497117 0.6011860968156174
513 3.38109274333e-08 False 0.47459982906497117 0.6011860968156174
514 0.256401529662 True 0.4713338723008732 0.5795631210617513
515 1.93049371046 True 0.5229568873259774 0.5796664091264314
516 0.650633021456 True 0.5260653026503517 0.5958512788147948
517 3.52948040902e-05 False 0.5260653026503517 0.5958512788147948
518 0.0272508223111 False 0.5260653026503517 0.5958512788147948
519 9.12337755056e-22 False 0.5260653026503517 0.5958512788147948
520 0.398985276106 True 0.48451490569262473 0.6579084044091208
521 1.43351511742e-13 False 0.48451490569262473 0.6579084044091208
522 1.01270426454e-16 False 0.48451490569262473 0.6579084044091208
523 21.0631456188 True 0.4911523659499104 0.5731366170989554
524 4.15629771015e-05 False 0.4911523659499104 0.5731366170989554
525 5.37526229503e-07 False 0.4911523659499104 0.5731366170989554
526 1.05171331255e-06 False 0.4911523659499104 0.5731366170989554
527 0.464132941386 True 0.5186701676390134 0.5872106443909467
528 2.03468985019e-13 False 0.5186701676390134 0.5872106443909467
529 7.19205728366e-06 False 0.5186701676390134 0.5872106443909467
530 1.38417478555e-20 False 0.5186701676390134 0.5872106443909467
531 2.28115555342e-23 False 0.5186701676390134 0.5872106443909467
532 0.0228257794653 False 0.5186701676390134 0.5872106443909467
533 5.01366101108e-14 False 0.5186701676390134 0.5872106443909467
534 0.000284732142035 False 0.5186701676390134 0.5872106443909467
535 0.604246590834 False 0.5186701676390134 0.5872106443909467
536 0.000387706945213 False 0.5186701676390134 0.5872106443909467
537 9.81613351739e-10 False 0.5186701676390134 0.5872106443909467
538 7.27462752093e-10 False 0.5186701676390134 0.5872106443909467
539 3.49688653084e-09 False 0.5186701676390134 0.5872106443909467
540 2.33289779616e-14 False 0.5186701676390134 0.5872106443909467
541 3.79768627741e-10 False 0.5186701676390134 0.5872106443909467
542 2.8283793859e-13 False 0.5186701676390134 0.5872106443909467
543 8.05319898506e-05 False 0.5186701676390134 0.5872106443909467
544 0.0331434572931 False 0.5186701676390134 0.5872106443909467
545 0.00116862021243 False 0.5186701676390134 0.5872106443909467
546 4.79904115425e-11 False 0.5186701676390134 0.5872106443909467
547 1.94294176326 True 0.4975614669001356 0.5678552721272278
548 1.89704988644e-09 False 0.4975614669001356 0.5678552721272278
549 0.0760519987607 False 0.4975614669001356 0.5678552721272278
550 7.68344148211e-06 False 0.4975614669001356 0.5678552721272278
551 9.67224835466e-07 False 0.4975614669001356 0.5678552721272278
552 2.45984266452e-08 False 0.4975614669001356 0.5678552721272278
553 3.42843858592e-14 False 0.4975614669001356 0.5678552721272278
554 0.0263123522989 False 0.4975614669001356 0.5678552721272278
555 0.120802730445 False 0.4975614669001356 0.5678552721272278
556 0.886149575611 True 0.505512282876528 0.627730494180052
557 3.61847003075e-09 False 0.505512282876528 0.627730494180052
558 0.00165207012623 False 0.505512282876528 0.627730494180052
559 1.25301307196e-34 False 0.505512282876528 0.627730494180052
560 1.32207613812e-30 False 0.505512282876528 0.627730494180052
561 0.000135725158368 False 0.505512282876528 0.627730494180052
562 0.626170994023 False 0.505512282876528 0.627730494180052
563 1.94662036378e-11 False 0.505512282876528 0.627730494180052
564 1.74266463179e-14 False 0.505512282876528 0.627730494180052
565 0.00115812158279 False 0.505512282876528 0.627730494180052
566 0.000271189296623 False 0.505512282876528 0.627730494180052
567 1.34143199953e-43 False 0.505512282876528 0.627730494180052
568 3.50311858798e-07 False 0.505512282876528 0.627730494180052
569 1.98909038884e-11 False 0.505512282876528 0.627730494180052
570 0.00446957233912 False 0.505512282876528 0.627730494180052
571 1.42501430306e-08 False 0.505512282876528 0.627730494180052
572 0.00278521466912 False 0.505512282876528 0.627730494180052
573 0.0401090339663 False 0.505512282876528 0.627730494180052
574 4.06353175086e-05 False 0.505512282876528 0.627730494180052
575 1.04579183965e-16 False 0.505512282876528 0.627730494180052
576 7.23775629364e-06 False 0.505512282876528 0.627730494180052
577 2.45941940345e-25 False 0.505512282876528 0.627730494180052
578 0.235001197736 False 0.505512282876528 0.627730494180052
579 7.75140684912e-11 False 0.505512282876528 0.627730494180052
580 0.047201491724 False 0.505512282876528 0.627730494180052
581 3.31283180812e-14 False 0.505512282876528 0.627730494180052
582 1.66514912952e-10 False 0.505512282876528 0.627730494180052
583 3.27581300286e-12 False 0.505512282876528 0.627730494180052
584 1.24556743856e-19 False 0.505512282876528 0.627730494180052
585 4.63586899256e-07 False 0.505512282876528 0.627730494180052
586 3.63596299243e-33 False 0.505512282876528 0.627730494180052
587 8.01443426983e-07 False 0.505512282876528 0.627730494180052
588 7.00523195967e-11 False 0.505512282876528 0.627730494180052
589 5.75659505505e-10 False 0.505512282876528 0.627730494180052
590 0.000195434851185 False 0.505512282876528 0.627730494180052
591 1.2102302813e-12 False 0.505512282876528 0.627730494180052
592 1.14433029416e-32 False 0.505512282876528 0.627730494180052
593 9.92989961714e-08 False 0.505512282876528 0.627730494180052
594 1.23622263873e-22 False 0.505512282876528 0.627730494180052
595 9.30135810391e-11 False 0.505512282876528 0.627730494180052
596 4.47417815611e-15 False 0.505512282876528 0.627730494180052
597 0.411584463486 True 0.4959813317148159 0.643589472436769
598 8.42172874238e-05 False 0.4959813317148159 0.643589472436769
599 1.69970499394e-09 False 0.4959813317148159 0.643589472436769
600 0.795877450054 True 0.5219100955598435 0.5862820003581076
601 2.27289761226e-07 False 0.5219100955598435 0.5862820003581076
602 3.98014668968e-27 False 0.5219100955598435 0.5862820003581076
603 3.63958399785e-51 False 0.5219100955598435 0.5862820003581076
604 1.27879012181e-16 False 0.5219100955598435 0.5862820003581076
605 1.00127152847 True 0.47321417364800056 0.5953887033692805
606 0.211321735594 True 0.5278306790152307 0.6109531159110475
607 4.06626593466e-19 False 0.5278306790152307 0.6109531159110475
608 1.29740626127e-26 False 0.5278306790152307 0.6109531159110475
609 0.225550355675 False 0.5278306790152307 0.6109531159110475
610 3.94806600982e-34 False 0.5278306790152307 0.6109531159110475
611 1.62195424623e-11 False 0.5278306790152307 0.6109531159110475
612 7.83640927752e-11 False 0.5278306790152307 0.6109531159110475
613 15.3092423856 True 0.5121524898461204 0.6142979788547629
614 4.51873008579e-05 False 0.5121524898461204 0.6142979788547629
615 2.64136730885e-06 False 0.5121524898461204 0.6142979788547629
616 6.88956003275e-20 False 0.5121524898461204 0.6142979788547629
617 1.72315252247e-10 False 0.5121524898461204 0.6142979788547629
618 1.12113829968e-09 False 0.5121524898461204 0.6142979788547629
619 1.4463411036e-11 False 0.5121524898461204 0.6142979788547629
620 6.60380176642e-09 False 0.5121524898461204 0.6142979788547629
621 1.06108730958e-14 False 0.5121524898461204 0.6142979788547629
622 2.34630555098e-05 False 0.5121524898461204 0.6142979788547629
623 0.593412645289 True 0.5169895164794679 0.5803457787944026
624 1.68421825561e-13 False 0.5169895164794679 0.5803457787944026
625 2.36065621721e-20 False 0.5169895164794679 0.5803457787944026
626 6.45633085101e-09 False 0.5169895164794679 0.5803457787944026
627 3.60690472828e-42 False 0.5169895164794679 0.5803457787944026
628 0.0468576425093 False 0.5169895164794679 0.5803457787944026
629 0.00246080531216 False 0.5169895164794679 0.5803457787944026
630 8.14307374759e-11 False 0.5169895164794679 0.5803457787944026
631 0.362182936631 True 0.4864476269021637 0.5572234033418565
632 1.24361549888e-30 False 0.4864476269021637 0.5572234033418565
633 0.0334319871215 False 0.4864476269021637 0.5572234033418565
634 0.120344732811 False 0.4864476269021637 0.5572234033418565
635 1.61174406411e-21 False 0.4864476269021637 0.5572234033418565
636 0.00122559947588 False 0.4864476269021637 0.5572234033418565
637 0.00404489616904 False 0.4864476269021637 0.5572234033418565
638 1.09780435534 True 0.47396790587455306 0.6264405243375641
639 0.115313227055 False 0.47396790587455306 0.6264405243375641
640 1.64251206943e-10 False 0.47396790587455306 0.6264405243375641
641 1.00023626698e-32 False 0.47396790587455306 0.6264405243375641
642 0.00140320163122 False 0.47396790587455306 0.6264405243375641
643 7.04599472921e-05 False 0.47396790587455306 0.6264405243375641
644 1.05196118431e-10 False 0.47396790587455306 0.6264405243375641
645 5.4918197945e-19 False 0.47396790587455306 0.6264405243375641
646 0.0146963865132 False 0.47396790587455306 0.6264405243375641
647 2.2490600584e-07 False 0.47396790587455306 0.6264405243375641
648 0.0711847962681 False 0.47396790587455306 0.6264405243375641
649 5.46530865477e-07 False 0.47396790587455306 0.6264405243375641
650 0.0126564798695 False 0.47396790587455306 0.6264405243375641
651 1.27681744034e-05 False 0.47396790587455306 0.6264405243375641
652 0.000176149025269 False 0.47396790587455306 0.6264405243375641
653 6.13669561212e-10 False 0.47396790587455306 0.6264405243375641
654 9.47133578891e-12 False 0.47396790587455306 0.6264405243375641
655 3.68069179241e-09 False 0.47396790587455306 0.6264405243375641
656 9.28608909813e-08 False 0.47396790587455306 0.6264405243375641
657 0.00103960094911 False 0.47396790587455306 0.6264405243375641
658 2.42239260478e-12 False 0.47396790587455306 0.6264405243375641
659 6.30086182657 True 0.4831230397441021 0.600324590900867
660 7.45768795979e-66 False 0.4831230397441021 0.600324590900867
661 2.69022942988e-44 False 0.4831230397441021 0.600324590900867
662 0.000519109166895 False 0.4831230397441021 0.600324590900867
663 0.000427105994183 False 0.4831230397441021 0.600324590900867
664 8.63112803931e-08 False 0.4831230397441021 0.600324590900867
665 0.094992339031 False 0.4831230397441021 0.600324590900867
666 2.19155096818 True 0.4978743937316455 0.6029128202974661
667 8.25252615741e-05 False 0.4978743937316455 0.6029128202974661
668 2.57986183873e-18 False 0.4978743937316455 0.6029128202974661
669 8.88611024154e-17 False 0.4978743937316455 0.6029128202974661
670 0.000408248783189 False 0.4978743937316455 0.6029128202974661
671 3.77654321137e-10 False 0.4978743937316455 0.6029128202974661
672 4.83318339023e-19 False 0.4978743937316455 0.6029128202974661
673 0.000161862546371 False 0.4978743937316455 0.6029128202974661
674 3.65277996809e-06 False 0.4978743937316455 0.6029128202974661
675 0.630193716726 True 0.5049458659623542 0.5827530642348957
676 0.15820230429 True 0.5198504287019098 0.6131707100076926
677 8.20677864677e-17 False 0.5198504287019098 0.6131707100076926
678 4.98144880954e-18 False 0.5198504287019098 0.6131707100076926
679 7.27687276173e-22 False 0.5198504287019098 0.6131707100076926
680 4.79502655908e-29 False 0.5198504287019098 0.6131707100076926
681 1.24237609662e-29 False 0.5198504287019098 0.6131707100076926
682 6.00887178262e-09 False 0.5198504287019098 0.6131707100076926
683 4.17488319764e-09 False 0.5198504287019098 0.6131707100076926
684 3.86990551722e-16 False 0.5198504287019098 0.6131707100076926
685 3.56210586264e-07 False 0.5198504287019098 0.6131707100076926
686 3.51479994689e-20 False 0.5198504287019098 0.6131707100076926
687 0.0117288566796 False 0.5198504287019098 0.6131707100076926
688 5.44120137087e-23 False 0.5198504287019098 0.6131707100076926
689 3.01692875003e-07 False 0.5198504287019098 0.6131707100076926
690 9.66273540138e-06 False 0.5198504287019098 0.6131707100076926
691 1.91560336096e-20 False 0.5198504287019098 0.6131707100076926
692 1.50880041075e-34 False 0.5198504287019098 0.6131707100076926
693 7.29571166812e-19 False 0.5198504287019098 0.6131707100076926
694 2.66316583534e-05 False 0.5198504287019098 0.6131707100076926
695 5.09020010805e-08 False 0.5198504287019098 0.6131707100076926
696 0.000859532752123 False 0.5198504287019098 0.6131707100076926
697 2.10761115538e-11 False 0.5198504287019098 0.6131707100076926
698 6.52955235193 True 0.5004330691932917 0.618054226046669
699 8.62763973958e-15 False 0.5004330691932917 0.618054226046669
700 1.8876143116e-06 False 0.5004330691932917 0.618054226046669
701 0.175593713966 False 0.5004330691932917 0.618054226046669
702 5.67999305013e-12 False 0.5004330691932917 0.618054226046669
703 6.95333822161e-15 False 0.5004330691932917 0.618054226046669
704 6.2682223387e-11 False 0.5004330691932917 0.618054226046669
705 0.00303837384991 False 0.5004330691932917 0.618054226046669
706 1.13247183418e-05 False 0.5004330691932917 0.618054226046669
707 1.13866554197e-07 False 0.5004330691932917 0.618054226046669
708 0.000134898831516 False 0.5004330691932917 0.618054226046669
709 0.192964587998 False 0.5004330691932917 0.618054226046669
710 0.00016412812707 False 0.5004330691932917 0.618054226046669
711 1.0810651412 True 0.4956585730086349 0.5823450928865865
712 1.52759858889e-05 False 0.4956585730086349 0.5823450928865865
713 0.57208094642 True 0.5036648457313998 0.6245154252303341
714 1.92487527738e-11 False 0.5036648457313998 0.6245154252303341
715 1.86956931417e-08 False 0.5036648457313998 0.6245154252303341
716 1.55789537333e-23 False 0.5036648457313998 0.6245154252303341
717 4.09289729912e-20 False 0.5036648457313998 0.6245154252303341
718 0.000209414175543 False 0.5036648457313998 0.6245154252303341
719 7.1537046427e-11 False 0.5036648457313998 0.6245154252303341
720 6.80135629546e-05 False 0.5036648457313998 0.6245154252303341
721 1.66685295166e-05 False 0.5036648457313998 0.6245154252303341
722 2.92808817891e-16 False 0.5036648457313998 0.6245154252303341
723 7.0411441672e-18 False 0.5036648457313998 0.6245154252303341
724 0.00272002842894 False 0.5036648457313998 0.6245154252303341
725 2.49001246026e-12 False 0.5036648457313998 0.6245154252303341
726 0.00228801424866 False 0.5036648457313998 0.6245154252303341
727 0.705156372774 True 0.5029196973429774 0.6305274471805898
728 6.81358291386e-16 False 0.5029196973429774 0.6305274471805898
729 3.81115896049e-10 False 0.5029196973429774 0.6305274471805898
730 0.00264617063095 False 0.5029196973429774 0.6305274471805898
731 0.000565926161951 False 0.5029196973429774 0.6305274471805898
732 4.48746123773e-26 False 0.5029196973429774 0.6305274471805898
733 4.20549943379e-29 False 0.5029196973429774 0.6305274471805898
734 1.21904766091 True 0.48240357393022154 0.6165172830835577
735 0.302313391776 False 0.48240357393022154 0.6165172830835577
736 0.000208402102693 False 0.48240357393022154 0.6165172830835577
737 0.143693720446 False 0.48240357393022154 0.6165172830835577
738 4.02927395914e-05 False 0.48240357393022154 0.6165172830835577
739 5.21466071266e-14 False 0.48240357393022154 0.6165172830835577
740 1.42059301567e-05 False 0.48240357393022154 0.6165172830835577
741 4.87199891881e-22 False 0.48240357393022154 0.6165172830835577
742 5.92655962276e-14 False 0.48240357393022154 0.6165172830835577
743 0.035250566535 True 0.5153034541168204 0.6489407746900351
744 3.55503260464e-15 False 0.5153034541168204 0.6489407746900351
745 4.23856464909e-10 False 0.5153034541168204 0.6489407746900351
746 9.46353494407e-19 False 0.5153034541168204 0.6489407746900351
747 2.08995096319e-13 False 0.5153034541168204 0.6489407746900351
748 3.23882094484 True 0.522559159961309 0.6209593969291137
749 7.97828687955e-09 False 0.522559159961309 0.6209593969291137
750 18.0970147312 True 0.5037591359275969 0.5850107617315676
751 0.00738990271318 False 0.5037591359275969 0.5850107617315676
752 0.00579810637668 False 0.5037591359275969 0.5850107617315676
753 1.97212238133e-10 False 0.5037591359275969 0.5850107617315676
754 3.10104662312e-11 False 0.5037591359275969 0.5850107617315676
755 1.45421275865e-32 False 0.5037591359275969 0.5850107617315676
756 2.11944431521e-26 False 0.5037591359275969 0.5850107617315676
757 0.00842825722549 False 0.5037591359275969 0.5850107617315676
758 0.000479861883641 False 0.5037591359275969 0.5850107617315676
759 0.012212525105 False 0.5037591359275969 0.5850107617315676
760 3.25396914447e-14 False 0.5037591359275969 0.5850107617315676
761 2.18983075734e-40 False 0.5037591359275969 0.5850107617315676
762 0.00253192438343 False 0.5037591359275969 0.5850107617315676
763 3.80899522536e-09 False 0.5037591359275969 0.5850107617315676
764 4.16684595654e-15 False 0.5037591359275969 0.5850107617315676
765 7.66708793008e-10 False 0.5037591359275969 0.5850107617315676
766 0.00157764904805 False 0.5037591359275969 0.5850107617315676
767 0.00170819719276 False 0.5037591359275969 0.5850107617315676
768 0.00315995404347 False 0.5037591359275969 0.5850107617315676
769 1.37606923979e-06 False 0.5037591359275969 0.5850107617315676
770 7.40146261744e-19 False 0.5037591359275969 0.5850107617315676
771 5.89995586461e-15 False 0.5037591359275969 0.5850107617315676
772 7.98240174475e-07 False 0.5037591359275969 0.5850107617315676
773 0.303579300788 True 0.4992657298142757 0.6361450573487359
774 0.000815017351315 False 0.4992657298142757 0.6361450573487359
775 0.00196612161363 False 0.4992657298142757 0.6361450573487359
776 1.20152185374e-06 False 0.4992657298142757 0.6361450573487359
777 9.2409667176e-11 False 0.4992657298142757 0.6361450573487359
778 1.75058732888e-05 False 0.4992657298142757 0.6361450573487359
779 3.83290165046e-31 False 0.4992657298142757 0.6361450573487359
780 2.08650975217e-05 False 0.4992657298142757 0.6361450573487359
781 3.76175012942e-09 False 0.4992657298142757 0.6361450573487359
782 0.132532956701 False 0.4992657298142757 0.6361450573487359
783 0.577448194813 True 0.47465657207590867 0.6137913532567447
784 5.24350706794e-18 False 0.47465657207590867 0.6137913532567447
785 1.19249059763 True 0.4819048740561774 0.6327969992569392
786 0.0284375945526 False 0.4819048740561774 0.6327969992569392
787 0.00185424341199 False 0.4819048740561774 0.6327969992569392
788 1.50676639505e-06 False 0.4819048740561774 0.6327969992569392
789 2.36429314606e-13 False 0.4819048740561774 0.6327969992569392
790 4.44618158558 True 0.5067538844622838 0.5886268286810857
791 3.05294917639e-10 False 0.5067538844622838 0.5886268286810857
792 1.34297582587e-24 False 0.5067538844622838 0.5886268286810857
793 6.4786003344e-37 False 0.5067538844622838 0.5886268286810857
794 0.00516687610999 False 0.5067538844622838 0.5886268286810857
795 6.42410731528e-13 False 0.5067538844622838 0.5886268286810857
796 6.02302994129e-10 False 0.5067538844622838 0.5886268286810857
797 4.76971729582e-08 False 0.5067538844622838 0.5886268286810857
798 3.81983812131e-46 False 0.5067538844622838 0.5886268286810857
799 0.173337655627 False 0.5067538844622838 0.5886268286810857
800 1.50113643049e-09 False 0.5067538844622838 0.5886268286810857
801 0.00124022778112 False 0.5067538844622838 0.5886268286810857
802 6.13000987299e-07 False 0.5067538844622838 0.5886268286810857
803 5.08808365261e-07 False 0.5067538844622838 0.5886268286810857
804 1.4640034364e-17 False 0.5067538844622838 0.5886268286810857
805 3.58286947922e-14 False 0.5067538844622838 0.5886268286810857
806 5.76368642611e-18 False 0.5067538844622838 0.5886268286810857
807 5.76742106145e-15 False 0.5067538844622838 0.5886268286810857
808 3.6870002374e-09 False 0.5067538844622838 0.5886268286810857
809 2.74943611749e-09 False 0.5067538844622838 0.5886268286810857
810 4.4051363852e-07 False 0.5067538844622838 0.5886268286810857
811 1.44660476769e-10 False 0.5067538844622838 0.5886268286810857
812 0.636323099517 True 0.48561363623790205 0.5850865099676393
813 0.00599647043115 False 0.48561363623790205 0.5850865099676393
814 7.87971097608e-18 False 0.48561363623790205 0.5850865099676393
815 3.82078209438e-08 False 0.48561363623790205 0.5850865099676393
816 2.32405506878e-06 False 0.48561363623790205 0.5850865099676393
817 1.25244931177e-17 False 0.48561363623790205 0.5850865099676393
818 7.22271846043e-18 False 0.48561363623790205 0.5850865099676393
819 3.67954163403e-12 False 0.48561363623790205 0.5850865099676393
820 1.06882290562e-11 False 0.48561363623790205 0.5850865099676393
821 0.0117380671238 False 0.48561363623790205 0.5850865099676393
822 2.34623197986e-24 False 0.48561363623790205 0.5850865099676393
823 4.76448474912e-19 False 0.48561363623790205 0.5850865099676393
824 4.83764986566e-10 False 0.48561363623790205 0.5850865099676393
825 0.000245212641327 False 0.48561363623790205 0.5850865099676393
826 4.01482879053e-06 False 0.48561363623790205 0.5850865099676393
827 0.000422792561907 False 0.48561363623790205 0.5850865099676393
828 2.7506527426e-09 False 0.48561363623790205 0.5850865099676393
829 1.15561114685 True 0.49066885077443423 0.5790166774975928
830 0.0440632671689 False 0.49066885077443423 0.5790166774975928
831 4.49155469654e-06 False 0.49066885077443423 0.5790166774975928
832 5.12375091902e-47 False 0.49066885077443423 0.5790166774975928
833 4.4177554553e-09 False 0.49066885077443423 0.5790166774975928
834 1.21174748149e-06 False 0.49066885077443423 0.5790166774975928
835 1.31175041993e-22 False 0.49066885077443423 0.5790166774975928
836 3.23329336309e-05 False 0.49066885077443423 0.5790166774975928
837 2.93247928988e-06 False 0.49066885077443423 0.5790166774975928
838 1.61038835374e-16 False 0.49066885077443423 0.5790166774975928
839 1.92732853839 True 0.501547177843976 0.5959401552469136
840 1.35423992992e-05 False 0.501547177843976 0.5959401552469136
841 0.000334002634504 False 0.501547177843976 0.5959401552469136
842 4.36277181919e-07 False 0.501547177843976 0.5959401552469136
843 1.63862684878e-07 False 0.501547177843976 0.5959401552469136
844 6.35314670102e-42 False 0.501547177843976 0.5959401552469136
845 3.03998089702e-11 False 0.501547177843976 0.5959401552469136
846 3.50603596972e-14 False 0.501547177843976 0.5959401552469136
847 3.10422551547e-10 False 0.501547177843976 0.5959401552469136
848 4.92437803264e-08 False 0.501547177843976 0.5959401552469136
849 9.86592262635e-09 False 0.501547177843976 0.5959401552469136
850 0.000120070520029 False 0.501547177843976 0.5959401552469136
851 0.854265437012 True 0.4931237529442316 0.6125228927391759
852 0.121843617071 False 0.4931237529442316 0.6125228927391759
853 1.56957942048e-22 False 0.4931237529442316 0.6125228927391759
854 2.98581378621e-12 False 0.4931237529442316 0.6125228927391759
855 0.720645026573 True 0.5081274070705474 0.6075623190825369
856 0.000223436102447 False 0.5081274070705474 0.6075623190825369
857 3.85834587261e-05 False 0.5081274070705474 0.6075623190825369
858 1.00829255231e-06 False 0.5081274070705474 0.6075623190825369
859 6.26792063683e-14 False 0.5081274070705474 0.6075623190825369
860 2.79056276713e-23 False 0.5081274070705474 0.6075623190825369
861 2.22691320785e-16 False 0.5081274070705474 0.6075623190825369
862 1.12966759178e-45 False 0.5081274070705474 0.6075623190825369
863 2.60497334943e-32 False 0.5081274070705474 0.6075623190825369
864 9.01822835282e-17 False 0.5081274070705474 0.6075623190825369
865 0.622389240637 True 0.49904468866326523 0.6294814229081502
866 5.37046914368e-20 False 0.49904468866326523 0.6294814229081502
867 0.358131168398 False 0.49904468866326523 0.6294814229081502
868 2.12415132368e-05 False 0.49904468866326523 0.6294814229081502
869 1.30695534042e-11 False 0.49904468866326523 0.6294814229081502
870 0.0479701180561 False 0.49904468866326523 0.6294814229081502
871 1.36411592259e-11 False 0.49904468866326523 0.6294814229081502
872 8.16127489849e-11 False 0.49904468866326523 0.6294814229081502
873 0.00108881151439 False 0.49904468866326523 0.6294814229081502
874 3.24915600801e-12 False 0.49904468866326523 0.6294814229081502
875 2.36189315578 True 0.49326650715982334 0.5909109259170832
876 0.530262874298 False 0.49326650715982334 0.5909109259170832
877 0.928602276842 True 0.501292169988336 0.611805703201904
878 3.50885766726e-09 False 0.501292169988336 0.611805703201904
879 7.23924950849e-09 False 0.501292169988336 0.611805703201904
880 1.14553507625e-06 False 0.501292169988336 0.611805703201904
881 1.13990066118e-13 False 0.501292169988336 0.611805703201904
882 1.44304554236e-11 False 0.501292169988336 0.611805703201904
883 0.00439238622383 False 0.501292169988336 0.611805703201904
884 1.2526970728e-05 False 0.501292169988336 0.611805703201904
885 9.98197647071e-14 False 0.501292169988336 0.611805703201904
886 3.07085790567e-20 False 0.501292169988336 0.611805703201904
887 1.79292429103e-05 False 0.501292169988336 0.611805703201904
888 7.17443699151e-06 False 0.501292169988336 0.611805703201904
889 4.38975663425e-11 False 0.501292169988336 0.611805703201904
890 0.185011941091 False 0.501292169988336 0.611805703201904
891 2.57971155041e-13 False 0.501292169988336 0.611805703201904
892 1.25153882625 True 0.4998478581905433 0.5998655687433276
893 1.05446942931e-33 False 0.4998478581905433 0.5998655687433276
894 1.03304419009e-08 False 0.4998478581905433 0.5998655687433276
895 1.52888563017e-27 False 0.4998478581905433 0.5998655687433276
896 1.17594160727e-06 False 0.4998478581905433 0.5998655687433276
897 8.26411329146e-12 False 0.4998478581905433 0.5998655687433276
898 1.13686408965e-12 False 0.4998478581905433 0.5998655687433276
899 1.09043370138e-05 False 0.4998478581905433 0.5998655687433276
900 0.593685232995 True 0.5023142507818805 0.6186445219885529
901 5.45915141842e-15 False 0.5023142507818805 0.6186445219885529
902 2.40668493824e-18 False 0.5023142507818805 0.6186445219885529
903 8.18718068314e-16 False 0.5023142507818805 0.6186445219885529
904 0.206505971413 False 0.5023142507818805 0.6186445219885529
905 1.34569075718e-15 False 0.5023142507818805 0.6186445219885529
906 0.570621826811 True 0.48438340320445983 0.5826551925702108
907 4.39488081721e-11 False 0.48438340320445983 0.5826551925702108
908 0.391027374932 True 0.5203375381262781 0.599539255779751
909 6.24837772246e-07 False 0.5203375381262781 0.599539255779751
910 1.32147387613e-08 False 0.5203375381262781 0.599539255779751
911 2.12759458215e-13 False 0.5203375381262781 0.599539255779751
912 0.0185144992777 False 0.5203375381262781 0.599539255779751
913 4.03668689641e-24 False 0.5203375381262781 0.599539255779751
914 8.25371110734e-07 False 0.5203375381262781 0.599539255779751
915 7.93729469104e-09 False 0.5203375381262781 0.599539255779751
916 0.519523933858 False 0.5203375381262781 0.599539255779751
917 1.30786810102e-07 False 0.5203375381262781 0.599539255779751
918 0.395398823705 True 0.5184624662091994 0.6285629339690904
919 3.79317710055e-06 False 0.5184624662091994 0.6285629339690904
920 8.65210092555e-21 False 0.5184624662091994 0.6285629339690904
921 4.05548649868e-05 False 0.5184624662091994 0.6285629339690904
922 0.190323606741 False 0.5184624662091994 0.6285629339690904
923 9.63876909654e-07 False 0.5184624662091994 0.6285629339690904
924 0.409989321701 True 0.5254721441916442 0.5658690383107151
925 6.46975255834e-41 False 0.5254721441916442 0.5658690383107151
926 2.91842179057e-14 False 0.5254721441916442 0.5658690383107151
927 10.6609273279 True 0.5063558867027951 0.5650331011009747
928 1.18804193515e-10 False 0.5063558867027951 0.5650331011009747
929 9.68056713961e-09 False 0.5063558867027951 0.5650331011009747
930 3.59694501797e-15 False 0.5063558867027951 0.5650331011009747
931 1.20687354918e-10 False 0.5063558867027951 0.5650331011009747
932 2.19183499364e-21 False 0.5063558867027951 0.5650331011009747
933 4.31681947174e-37 False 0.5063558867027951 0.5650331011009747
934 3.1920275339e-17 False 0.5063558867027951 0.5650331011009747
935 3.23463346481e-13 False 0.5063558867027951 0.5650331011009747
936 3.20814322604e-11 False 0.5063558867027951 0.5650331011009747
937 0.0114932740266 False 0.5063558867027951 0.5650331011009747
938 4.79924958994e-09 False 0.5063558867027951 0.5650331011009747
939 1.37906605899e-21 False 0.5063558867027951 0.5650331011009747
940 1.57929112875e-10 False 0.5063558867027951 0.5650331011009747
941 6.89313901012e-05 False 0.5063558867027951 0.5650331011009747
942 1.64412050723e-09 False 0.5063558867027951 0.5650331011009747
943 0.0297519847832 False 0.5063558867027951 0.5650331011009747
944 2.36225197957 True 0.494451248860188 0.5771617017202532
945 1.30855587744e-05 False 0.494451248860188 0.5771617017202532
946 3.66096595579e-06 False 0.494451248860188 0.5771617017202532
947 1.00517948937 True 0.5021816784628022 0.5765140805426672
948 2.02218258941e-18 False 0.5021816784628022 0.5765140805426672
949 1.20890038385e-08 False 0.5021816784628022 0.5765140805426672
950 1.08688115296 True 0.4992949527966003 0.6210876337935666
951 6.96780903869e-09 False 0.4992949527966003 0.6210876337935666
952 0.155673448762 False 0.4992949527966003 0.6210876337935666
953 0.0041148324417 False 0.4992949527966003 0.6210876337935666
954 1.45463715399e-51 False 0.4992949527966003 0.6210876337935666
955 0.000210331253244 False 0.4992949527966003 0.6210876337935666
956 2.92461887785e-13 False 0.4992949527966003 0.6210876337935666
957 7.11760248249e-06 False 0.4992949527966003 0.6210876337935666
958 0.0130385616019 False 0.4992949527966003 0.6210876337935666
959 7.97967375467e-10 False 0.4992949527966003 0.6210876337935666
960 4.33781143737e-28 False 0.4992949527966003 0.6210876337935666
961 4.73689246891e-06 False 0.4992949527966003 0.6210876337935666
962 6.4157810059e-12 False 0.4992949527966003 0.6210876337935666
963 7.02373931515e-17 False 0.4992949527966003 0.6210876337935666
964 2.08055779233e-07 False 0.4992949527966003 0.6210876337935666
965 1.84809389794e-09 False 0.4992949527966003 0.6210876337935666
966 1.61527365268e-21 False 0.4992949527966003 0.6210876337935666
967 0.358204763688 False 0.4992949527966003 0.6210876337935666
968 1.75082952587e-08 False 0.4992949527966003 0.6210876337935666
969 1.15725867658 True 0.5052913894125308 0.6100515534352742
970 3.28971569177e-33 False 0.5052913894125308 0.6100515534352742
971 0.0972383401208 False 0.5052913894125308 0.6100515534352742
972 7.09240142204e-06 False 0.5052913894125308 0.6100515534352742
973 7.66133564381e-33 False 0.5052913894125308 0.6100515534352742
974 1.56429782512e-14 False 0.5052913894125308 0.6100515534352742
975 3.74259758102e-42 False 0.5052913894125308 0.6100515534352742
976 2.0330513288e-13 False 0.5052913894125308 0.6100515534352742
977 5.37142758623e-05 False 0.5052913894125308 0.6100515534352742
978 1.52528784768e-13 False 0.5052913894125308 0.6100515534352742
979 0.0154327138492 False 0.5052913894125308 0.6100515534352742
980 3.00704592717e-36 False 0.5052913894125308 0.6100515534352742
981 3.26764745595e-21 False 0.5052913894125308 0.6100515534352742
982 0.0320320464338 False 0.5052913894125308 0.6100515534352742
983 0.000250013511395 False 0.5052913894125308 0.6100515534352742
984 5.47188430014e-05 False 0.5052913894125308 0.6100515534352742
985 3.0680452254e-05 False 0.5052913894125308 0.6100515534352742
986 0.000393352023022 False 0.5052913894125308 0.6100515534352742
987 6.85538616025e-08 False 0.5052913894125308 0.6100515534352742
988 0.0626269314895 False 0.5052913894125308 0.6100515534352742
989 0.16769470087 False 0.5052913894125308 0.6100515534352742
990 0.000116450316489 False 0.5052913894125308 0.6100515534352742
991 1.3529742995e-06 False 0.5052913894125308 0.6100515534352742
992 1.91561883328e-07 False 0.5052913894125308 0.6100515534352742
993 4.17365234184e-13 False 0.5052913894125308 0.6100515534352742
994 9.64393215503e-08 False 0.5052913894125308 0.6100515534352742
995 6.45403110889e-05 False 0.5052913894125308 0.6100515534352742
996 0.00986341268023 False 0.5052913894125308 0.6100515534352742
997 2.11586438907e-10 False 0.5052913894125308 0.6100515534352742
998 6.08080454671e-06 False 0.5052913894125308 0.6100515534352742
999 1.16524600144e-35 False 0.5052913894125308 0.6100515534352742
