j ratio accept a b
0 6.51231001596e-77 False 0.0 -0.3
1 2.14747603299e-08 False 0.0 -0.3
2 5.20316644257e-177 False 0.0 -0.3
3 1.00573185413e-107 False 0.0 -0.3
4 9.68558915559e-114 False 0.0 -0.3
5 1.84721018657e+17 True 0.06128285525754099 -0.390430170656523
6 6.50246735209e+26 True 0.07802436845597453 -0.3915298939667298
7 3.74933579095e+16 True 0.0637215918468408 -0.35279047367563615
8 2.33485665987e+203 True 0.09291009095943215 -0.18664105883242513
9 1.18863246457e+200 True 0.13045235574733383 0.004725508958618091
10 1.17532832263e+37 True 0.1256974541749244 0.07419263368705943
11 3.82380200504e+65 True 0.14535856153405047 0.14461073951483372
12 1.9996785338e+28 True 0.17312777385956848 0.13239741126872903
13 3.83728483506e-214 False 0.17312777385956848 0.13239741126872903
14 3.79874746886e-172 False 0.17312777385956848 0.13239741126872903
15 5.32217704628e+31 True 0.217760820791236 0.09752818618648959
16 9.62627874245e-28 False 0.217760820791236 0.09752818618648959
17 5.14514821093e-15 False 0.217760820791236 0.09752818618648959
18 5.77152073472e+57 True 0.2320460652956385 0.1822664302593879
19 2.93921829878e-197 False 0.2320460652956385 0.1822664302593879
20 4.84646367778e-51 False 0.2320460652956385 0.1822664302593879
21 19336211565.9 True 0.24045808814988556 0.18671234919602048
22 7.27662871551e+17 True 0.24469462055124908 0.21786133957654363
23 3.35992605762e+42 True 0.25953229083242163 0.2922735367970578
24 1.19414735644e+20 True 0.2889084181171345 0.2803976183652356
25 4.66384926427e-56 False 0.2889084181171345 0.2803976183652356
26 2.22019089455e-33 False 0.2889084181171345 0.2803976183652356
27 9.45832912148e+50 True 0.38028809896842214 0.26306964072591066
28 0.188751337934 False 0.38028809896842214 0.26306964072591066
29 2.734420113e-43 False 0.38028809896842214 0.26306964072591066
30 4.49254894845e-09 False 0.38028809896842214 0.26306964072591066
31 360.86687118 True 0.3559690924630643 0.30761509667341147
32 5.03763563326e-53 False 0.3559690924630643 0.30761509667341147
33 5.40462549672e+16 True 0.40631607466127523 0.2872891136803363
34 1.31806436974e-82 False 0.40631607466127523 0.2872891136803363
35 6.66165098814e-10 False 0.40631607466127523 0.2872891136803363
36 6.47763064328e+22 True 0.4057717541512941 0.3679153510215684
37 41383829283.3 True 0.4488361483721447 0.36023212026309454
38 1.45871769619e-15 False 0.4488361483721447 0.36023212026309454
39 4.29161326149e-35 False 0.4488361483721447 0.36023212026309454
40 1.34033348032e+14 True 0.4291439551824474 0.45439826278579315
41 5.02593369885e+15 True 0.48171169686564325 0.509476939608971
42 0.00028301604055 False 0.48171169686564325 0.509476939608971
43 25145.7389099 True 0.4846626660698656 0.5955158454090712
44 0.147584409555 False 0.4846626660698656 0.5955158454090712
45 0.0137289692136 False 0.4846626660698656 0.5955158454090712
46 0.0227826732785 False 0.4846626660698656 0.5955158454090712
47 3.7722990988e-18 False 0.4846626660698656 0.5955158454090712
48 0.0037412541557 False 0.4846626660698656 0.5955158454090712
49 1.78527430419e-13 False 0.4846626660698656 0.5955158454090712
50 3.31253081036e-08 False 0.4846626660698656 0.5955158454090712
51 0.912576669435 True 0.5107538535178237 0.6058911289310762
52 2.90155802211e-05 False 0.5107538535178237 0.6058911289310762
53 6.73961357751e-10 False 0.5107538535178237 0.6058911289310762
54 0.000222511078894 False 0.5107538535178237 0.6058911289310762
55 2.03997493105e-34 False 0.5107538535178237 0.6058911289310762
56 2.18969257304e-07 False 0.5107538535178237 0.6058911289310762
57 6.77145941419e-11 False 0.5107538535178237 0.6058911289310762
58 1.23816458526e-10 False 0.5107538535178237 0.6058911289310762
59 1.91014841619e-05 False 0.5107538535178237 0.6058911289310762
60 1.59554801782e-08 False 0.5107538535178237 0.6058911289310762
61 0.88589023082 True 0.5126725224398693 0.5937049430060226
62 0.00777793752753 False 0.5126725224398693 0.5937049430060226
63 0.116029454993 True 0.5255185250628787 0.5889096625878256
64 4.4731522928 True 0.5174029895536555 0.5996010325431648
65 1.54112169459e-06 False 0.5174029895536555 0.5996010325431648
66 1.07487413907e-31 False 0.5174029895536555 0.5996010325431648
67 3.25986323589e-06 False 0.5174029895536555 0.5996010325431648
68 0.0001507687718 False 0.5174029895536555 0.5996010325431648
69 3.59468461459e-08 False 0.5174029895536555 0.5996010325431648
70 1.05660348839e-20 False 0.5174029895536555 0.5996010325431648
71 9.98201160962e-12 False 0.5174029895536555 0.5996010325431648
72 1.04760725349e-14 False 0.5174029895536555 0.5996010325431648
73 0.000196912679162 False 0.5174029895536555 0.5996010325431648
74 1.90439393031e-34 False 0.5174029895536555 0.5996010325431648
75 0.0335481562213 False 0.5174029895536555 0.5996010325431648
76 9.57093255507e-11 False 0.5174029895536555 0.5996010325431648
77 3.57982032052e-18 False 0.5174029895536555 0.5996010325431648
78 6.54001250461e-11 False 0.5174029895536555 0.5996010325431648
79 9.51419392035e-05 False 0.5174029895536555 0.5996010325431648
80 0.00188581152198 False 0.5174029895536555 0.5996010325431648
81 1.39266438978e-27 False 0.5174029895536555 0.5996010325431648
82 0.0031807242014 False 0.5174029895536555 0.5996010325431648
83 8.85414350209e-07 False 0.5174029895536555 0.5996010325431648
84 6.21588492559e-09 False 0.5174029895536555 0.5996010325431648
85 3.02835862834e-14 False 0.5174029895536555 0.5996010325431648
86 0.487457472414 False 0.5174029895536555 0.5996010325431648
87 5.30617314142e-19 False 0.5174029895536555 0.5996010325431648
88 8.74065453188e-06 False 0.5174029895536555 0.5996010325431648
89 4.49464100364e-10 False 0.5174029895536555 0.5996010325431648
90 1.22732273422e-14 False 0.5174029895536555 0.5996010325431648
91 3.77666100314e-18 False 0.5174029895536555 0.5996010325431648
92 1.56408851094e-09 False 0.5174029895536555 0.5996010325431648
93 1.66890728744e-14 False 0.5174029895536555 0.5996010325431648
94 5.04574342127e-16 False 0.5174029895536555 0.5996010325431648
95 7.59634069436e-06 False 0.5174029895536555 0.5996010325431648
96 3.36438542066e-07 False 0.5174029895536555 0.5996010325431648
97 5.47744942827e-37 False 0.5174029895536555 0.5996010325431648
98 6.87137652754e-06 False 0.5174029895536555 0.5996010325431648
99 9.0403845379e-09 False 0.5174029895536555 0.5996010325431648
100 0.000669147296298 False 0.5174029895536555 0.5996010325431648
101 4.92182193382e-06 False 0.5174029895536555 0.5996010325431648
102 1.02923157579e-07 False 0.5174029895536555 0.5996010325431648
103 2.10530407325e-15 False 0.5174029895536555 0.5996010325431648
104 2.98133313254e-05 False 0.5174029895536555 0.5996010325431648
105 0.0472959556416 False 0.5174029895536555 0.5996010325431648
106 6.6624190496e-11 False 0.5174029895536555 0.5996010325431648
107 5.15684038723e-20 False 0.5174029895536555 0.5996010325431648
108 0.182252847024 False 0.5174029895536555 0.5996010325431648
109 1.25493815847e-05 False 0.5174029895536555 0.5996010325431648
110 2.41443177443e-08 False 0.5174029895536555 0.5996010325431648
111 3.11521986642e-09 False 0.5174029895536555 0.5996010325431648
112 7.26301960518e-18 False 0.5174029895536555 0.5996010325431648
113 7.47007777376e-17 False 0.5174029895536555 0.5996010325431648
114 1.04941928183e-31 False 0.5174029895536555 0.5996010325431648
115 4.39208453562 True 0.5017782910786708 0.5972797399788559
116 2.80934971683e-11 False 0.5017782910786708 0.5972797399788559
117 0.0135252817598 False 0.5017782910786708 0.5972797399788559
118 2.6149356828e-47 False 0.5017782910786708 0.5972797399788559
119 0.0195002553677 False 0.5017782910786708 0.5972797399788559
120 0.070546445312 False 0.5017782910786708 0.5972797399788559
121 0.000192263682524 False 0.5017782910786708 0.5972797399788559
122 3.7147393036e-11 False 0.5017782910786708 0.5972797399788559
123 3.85512527876e-28 False 0.5017782910786708 0.5972797399788559
124 0.00251812054612 False 0.5017782910786708 0.5972797399788559
125 5.96661494682e-06 False 0.5017782910786708 0.5972797399788559
126 2.17354055443e-24 False 0.5017782910786708 0.5972797399788559
127 8.14766044281e-07 False 0.5017782910786708 0.5972797399788559
128 2.43602808234e-12 False 0.5017782910786708 0.5972797399788559
129 0.011457218606 False 0.5017782910786708 0.5972797399788559
130 1.04278446974e-05 False 0.5017782910786708 0.5972797399788559
131 0.00964017056952 False 0.5017782910786708 0.5972797399788559
132 0.425356865676 True 0.49178619958649306 0.6277326735826212
133 7.87847999146e-07 False 0.49178619958649306 0.6277326735826212
134 8.46502233218e-06 False 0.49178619958649306 0.6277326735826212
135 3.56727931916e-05 False 0.49178619958649306 0.6277326735826212
136 3.26517706945e-14 False 0.49178619958649306 0.6277326735826212
137 1.04547550923e-06 False 0.49178619958649306 0.6277326735826212
138 8.4872299764e-19 False 0.49178619958649306 0.6277326735826212
139 4.56720983688e-19 False 0.49178619958649306 0.6277326735826212
140 1.22000589374e-08 False 0.49178619958649306 0.6277326735826212
141 1.69331331738e-05 False 0.49178619958649306 0.6277326735826212
142 1.13372531399e-10 False 0.49178619958649306 0.6277326735826212
143 6.32285908745e-12 False 0.49178619958649306 0.6277326735826212
144 0.029324215766 False 0.49178619958649306 0.6277326735826212
145 1.38417458258e-19 False 0.49178619958649306 0.6277326735826212
146 6.84917174851e-20 False 0.49178619958649306 0.6277326735826212
147 5.00855343129e-14 False 0.49178619958649306 0.6277326735826212
148 6.658876594e-06 False 0.49178619958649306 0.6277326735826212
149 8.32607978179e-31 False 0.49178619958649306 0.6277326735826212
150 7.12638376407e-07 False 0.49178619958649306 0.6277326735826212
151 5.08950615479e-48 False 0.49178619958649306 0.6277326735826212
152 0.00318425223858 False 0.49178619958649306 0.6277326735826212
153 6.48709229786e-09 False 0.49178619958649306 0.6277326735826212
154 7.97574044855e-06 False 0.49178619958649306 0.6277326735826212
155 0.0238495257477 True 0.47474106647135966 0.5559550701599077
156 8.06400389006e-05 False 0.47474106647135966 0.5559550701599077
157 0.0255422209606 False 0.47474106647135966 0.5559550701599077
158 5.15004882508e-09 False 0.47474106647135966 0.5559550701599077
159 2.8362191312 True 0.497849347325583 0.6563768521581016
160 1.49868811741e-17 False 0.497849347325583 0.6563768521581016
161 1.24424727934e-08 False 0.497849347325583 0.6563768521581016
162 7.35875901433e-06 False 0.497849347325583 0.6563768521581016
163 1.28108909099e-06 False 0.497849347325583 0.6563768521581016
164 4.78946870758e-05 False 0.497849347325583 0.6563768521581016
165 1.33990806752e-11 False 0.497849347325583 0.6563768521581016
166 4.70128451854e-08 False 0.497849347325583 0.6563768521581016
167 8.16101350386e-07 False 0.497849347325583 0.6563768521581016
168 1.05451968827e-21 False 0.497849347325583 0.6563768521581016
169 6.17009265417e-19 False 0.497849347325583 0.6563768521581016
170 0.204438911525 False 0.497849347325583 0.6563768521581016
171 3.91904727303e-34 False 0.497849347325583 0.6563768521581016
172 2.34579432882e-29 False 0.497849347325583 0.6563768521581016
173 0.00046494585861 False 0.497849347325583 0.6563768521581016
174 0.00104866684562 False 0.497849347325583 0.6563768521581016
175 0.0141761078395 False 0.497849347325583 0.6563768521581016
176 2.33434813301e-08 False 0.497849347325583 0.6563768521581016
177 0.000444525600482 False 0.497849347325583 0.6563768521581016
178 0.000811752740931 False 0.497849347325583 0.6563768521581016
179 9.06688259971e-18 False 0.497849347325583 0.6563768521581016
180 2.84559118126e-07 False 0.497849347325583 0.6563768521581016
181 2.42600540714e-05 False 0.497849347325583 0.6563768521581016
182 12.9416030501 True 0.512693964737679 0.6084327736715961
183 9.10618776213e-10 False 0.512693964737679 0.6084327736715961
184 7.04954877224e-19 False 0.512693964737679 0.6084327736715961
185 8.55699163425e-16 False 0.512693964737679 0.6084327736715961
186 4.09077474659e-06 False 0.512693964737679 0.6084327736715961
187 5.3664171425e-16 False 0.512693964737679 0.6084327736715961
188 9.2332349476e-05 False 0.512693964737679 0.6084327736715961
189 2.07207177399 True 0.5064467637127893 0.6020648112815925
190 1.57678335767e-09 False 0.5064467637127893 0.6020648112815925
191 0.0047947918333 False 0.5064467637127893 0.6020648112815925
192 8.61730612331e-08 False 0.5064467637127893 0.6020648112815925
193 1.29148969301 True 0.49666306857693443 0.6080223406488465
194 0.0542930881733 False 0.49666306857693443 0.6080223406488465
195 2.73345033272e-30 False 0.49666306857693443 0.6080223406488465
196 2.12354224074e-08 False 0.49666306857693443 0.6080223406488465
197 4.169272114e-14 False 0.49666306857693443 0.6080223406488465
198 2.16803415657e-06 False 0.49666306857693443 0.6080223406488465
199 3.81882373834e-10 False 0.49666306857693443 0.6080223406488465
200 2.77268601186e-15 False 0.49666306857693443 0.6080223406488465
201 6.11266193168e-22 False 0.49666306857693443 0.6080223406488465
202 3.75304741721e-05 False 0.49666306857693443 0.6080223406488465
203 0.0634918795808 False 0.49666306857693443 0.6080223406488465
204 1.44104459536e-06 False 0.49666306857693443 0.6080223406488465
205 3.49319647507e-07 False 0.49666306857693443 0.6080223406488465
206 1.95451408833e-12 False 0.49666306857693443 0.6080223406488465
207 3.27500685019e-06 False 0.49666306857693443 0.6080223406488465
208 2.31637085886e-19 False 0.49666306857693443 0.6080223406488465
209 0.000142872724443 False 0.49666306857693443 0.6080223406488465
210 1.54733465331e-06 False 0.49666306857693443 0.6080223406488465
211 0.000794467428295 False 0.49666306857693443 0.6080223406488465
212 2.04884433254e-26 False 0.49666306857693443 0.6080223406488465
213 1.15263291521e-18 False 0.49666306857693443 0.6080223406488465
214 1.2634076761e-09 False 0.49666306857693443 0.6080223406488465
215 0.274563310345 True 0.5148642497877256 0.582211170588647
216 8.01153645278e-14 False 0.5148642497877256 0.582211170588647
217 0.00573318633553 False 0.5148642497877256 0.582211170588647
218 7.0062045045e-36 False 0.5148642497877256 0.582211170588647
219 0.0183825145214 False 0.5148642497877256 0.582211170588647
220 3.03256963182 True 0.5049133045718569 0.5915015384047305
221 1.83300218879e-09 False 0.5049133045718569 0.5915015384047305
222 0.00034299448613 False 0.5049133045718569 0.5915015384047305
223 7.76941511229e-13 False 0.5049133045718569 0.5915015384047305
224 2.33180221829e-17 False 0.5049133045718569 0.5915015384047305
225 2.21176910169e-27 False 0.5049133045718569 0.5915015384047305
226 2.22738030637e-18 False 0.5049133045718569 0.5915015384047305
227 6.63795622094e-16 False 0.5049133045718569 0.5915015384047305
228 0.00422124446602 False 0.5049133045718569 0.5915015384047305
229 0.0162519021505 False 0.5049133045718569 0.5915015384047305
230 0.000644242047312 False 0.5049133045718569 0.5915015384047305
231 2.5013331129e-12 False 0.5049133045718569 0.5915015384047305
232 0.000451700239584 False 0.5049133045718569 0.5915015384047305
233 0.836752667816 True 0.5056039242531591 0.6105862222828609
234 7.45634631081e-26 False 0.5056039242531591 0.6105862222828609
235 0.128288905167 True 0.5099155857674504 0.6379122943845323
236 0.000623439501675 False 0.5099155857674504 0.6379122943845323
237 0.00421028230055 False 0.5099155857674504 0.6379122943845323
238 4.93039306717e-33 False 0.5099155857674504 0.6379122943845323
239 1.3152279972 True 0.5016566426796069 0.6424754826155861
240 7.15661557412e-06 False 0.5016566426796069 0.6424754826155861
241 5.33726969775e-05 False 0.5016566426796069 0.6424754826155861
242 7.83491012335 True 0.5016154946856445 0.589587963911142
243 0.564089053693 True 0.5092117387312678 0.5836088626916126
244 0.291928204081 False 0.5092117387312678 0.5836088626916126
245 2.11535583199e-25 False 0.5092117387312678 0.5836088626916126
246 6.78379279531e-07 False 0.5092117387312678 0.5836088626916126
247 1.19518977923e-05 False 0.5092117387312678 0.5836088626916126
248 1.39004447686e-06 False 0.5092117387312678 0.5836088626916126
249 0.00403309606363 False 0.5092117387312678 0.5836088626916126
250 0.169572370661 False 0.5092117387312678 0.5836088626916126
251 0.0175144577557 False 0.5092117387312678 0.5836088626916126
252 1.11844253246e-06 False 0.5092117387312678 0.5836088626916126
253 6.41559051374e-39 False 0.5092117387312678 0.5836088626916126
254 8.71929582777e-06 False 0.5092117387312678 0.5836088626916126
255 2.79584001145e-13 False 0.5092117387312678 0.5836088626916126
256 3.07730805888e-08 False 0.5092117387312678 0.5836088626916126
257 2.33112769558e-07 False 0.5092117387312678 0.5836088626916126
258 2.00332135171e-22 False 0.5092117387312678 0.5836088626916126
259 1.07767697167e-13 False 0.5092117387312678 0.5836088626916126
260 6.0498034249e-05 False 0.5092117387312678 0.5836088626916126
261 0.0367905717038 False 0.5092117387312678 0.5836088626916126
262 7.46585843902e-11 False 0.5092117387312678 0.5836088626916126
263 3.25758407135e-40 False 0.5092117387312678 0.5836088626916126
264 4.21886481251e-06 False 0.5092117387312678 0.5836088626916126
265 2.26043806847e-07 False 0.5092117387312678 0.5836088626916126
266 4.24693837916e-18 False 0.5092117387312678 0.5836088626916126
267 1.80234637053e-06 False 0.5092117387312678 0.5836088626916126
268 3.03005323614e-05 False 0.5092117387312678 0.5836088626916126
269 5.50528761019e-14 False 0.5092117387312678 0.5836088626916126
270 1.78020285169e-25 False 0.5092117387312678 0.5836088626916126
271 7.41479348429e-07 False 0.5092117387312678 0.5836088626916126
272 0.00102717060795 False 0.5092117387312678 0.5836088626916126
273 1.40475575149e-13 False 0.5092117387312678 0.5836088626916126
274 5.34017663786e-15 False 0.5092117387312678 0.5836088626916126
275 1.55977510527e-07 False 0.5092117387312678 0.5836088626916126
276 2.83795403908e-05 False 0.5092117387312678 0.5836088626916126
277 5.29993180195e-26 False 0.5092117387312678 0.5836088626916126
278 0.000568340447639 False 0.5092117387312678 0.5836088626916126
279 0.0549917634172 False 0.5092117387312678 0.5836088626916126
280 1.5058322719e-28 False 0.5092117387312678 0.5836088626916126
281 6.28519057608e-05 False 0.5092117387312678 0.5836088626916126
282 4.12451761514e-09 False 0.5092117387312678 0.5836088626916126
283 1.97995566694e-09 False 0.5092117387312678 0.5836088626916126
284 1.00806643926e-07 False 0.5092117387312678 0.5836088626916126
285 5.40383450066e-21 False 0.5092117387312678 0.5836088626916126
286 1.81179519596e-35 False 0.5092117387312678 0.5836088626916126
287 2.06375991783e-07 False 0.5092117387312678 0.5836088626916126
288 3.60262717988e-14 False 0.5092117387312678 0.5836088626916126
289 3.95828546332e-15 False 0.5092117387312678 0.5836088626916126
290 9.11266532988e-06 False 0.5092117387312678 0.5836088626916126
291 8.33157388058e-09 False 0.5092117387312678 0.5836088626916126
292 2.31675688951e-15 False 0.5092117387312678 0.5836088626916126
293 9.76802283468e-14 False 0.5092117387312678 0.5836088626916126
294 4.16247590927e-14 False 0.5092117387312678 0.5836088626916126
295 8.91859881101e-06 False 0.5092117387312678 0.5836088626916126
296 0.00535848211331 False 0.5092117387312678 0.5836088626916126
297 1.17372159975 True 0.49168023600312416 0.5810763938042376
298 1.39274038949e-12 False 0.49168023600312416 0.5810763938042376
299 4.76938437328e-06 False 0.49168023600312416 0.5810763938042376
300 5.27946360964e-13 False 0.49168023600312416 0.5810763938042376
301 1.28072901717 True 0.5021026584751083 0.6132724792599237
302 0.000206495303521 False 0.5021026584751083 0.6132724792599237
303 3.18006609838e-07 False 0.5021026584751083 0.6132724792599237
304 1.35932028606e-16 False 0.5021026584751083 0.6132724792599237
305 0.011482132994 False 0.5021026584751083 0.6132724792599237
306 3.99203135677e-33 False 0.5021026584751083 0.6132724792599237
307 1.22337197459e-62 False 0.5021026584751083 0.6132724792599237
308 1.11541328626e-14 False 0.5021026584751083 0.6132724792599237
309 0.00018944682598 False 0.5021026584751083 0.6132724792599237
310 2.88438785344e-05 False 0.5021026584751083 0.6132724792599237
311 1.49476280519e-08 False 0.5021026584751083 0.6132724792599237
312 1.67460127847e-09 False 0.5021026584751083 0.6132724792599237
313 5.76686730946e-27 False 0.5021026584751083 0.6132724792599237
314 1.32706986091e-05 False 0.5021026584751083 0.6132724792599237
315 5.32627891508e-05 False 0.5021026584751083 0.6132724792599237
316 0.00100737087761 False 0.5021026584751083 0.6132724792599237
317 5.06988505573e-32 False 0.5021026584751083 0.6132724792599237
318 6.82234943085e-22 False 0.5021026584751083 0.6132724792599237
319 2.03471442794e-08 False 0.5021026584751083 0.6132724792599237
320 3.62455649068e-25 False 0.5021026584751083 0.6132724792599237
321 7.29329695407e-14 False 0.5021026584751083 0.6132724792599237
322 0.140468670269 False 0.5021026584751083 0.6132724792599237
323 1.12628257322e-08 False 0.5021026584751083 0.6132724792599237
324 0.000107047836015 False 0.5021026584751083 0.6132724792599237
325 1.06601009489e-12 False 0.5021026584751083 0.6132724792599237
326 0.000296614962782 False 0.5021026584751083 0.6132724792599237
327 5.97437453381e-26 False 0.5021026584751083 0.6132724792599237
328 7.36709685004e-14 False 0.5021026584751083 0.6132724792599237
329 5.6663183801e-22 False 0.5021026584751083 0.6132724792599237
330 1.6357609291e-12 False 0.5021026584751083 0.6132724792599237
331 1.03882775051e-09 False 0.5021026584751083 0.6132724792599237
332 1.3163647496e-16 False 0.5021026584751083 0.6132724792599237
333 2.11831483281e-14 False 0.5021026584751083 0.6132724792599237
334 0.000213770066128 False 0.5021026584751083 0.6132724792599237
335 3.38272801004e-33 False 0.5021026584751083 0.6132724792599237
336 4.77082239512e-21 False 0.5021026584751083 0.6132724792599237
337 4.42051584156e-19 False 0.5021026584751083 0.6132724792599237
338 1.6402016929e-10 False 0.5021026584751083 0.6132724792599237
339 1.61852373176e-12 False 0.5021026584751083 0.6132724792599237
340 2.77264568064e-18 False 0.5021026584751083 0.6132724792599237
341 1.42024230258e-23 False 0.5021026584751083 0.6132724792599237
342 0.0850261219266 False 0.5021026584751083 0.6132724792599237
343 0.088571513772 False 0.5021026584751083 0.6132724792599237
344 1.26199142296 True 0.5023118659659126 0.597441537465716
345 0.163016450186 False 0.5023118659659126 0.597441537465716
346 1.56754013008e-05 False 0.5023118659659126 0.597441537465716
347 0.00119619162908 False 0.5023118659659126 0.597441537465716
348 3.04941477334e-25 False 0.5023118659659126 0.597441537465716
349 0.000405892445071 False 0.5023118659659126 0.597441537465716
350 9.47100864799e-26 False 0.5023118659659126 0.597441537465716
351 6.10086747707e-20 False 0.5023118659659126 0.597441537465716
352 0.00292002882021 False 0.5023118659659126 0.597441537465716
353 0.279432464571 False 0.5023118659659126 0.597441537465716
354 2.4613663831e-25 False 0.5023118659659126 0.597441537465716
355 2.16489853377e-19 False 0.5023118659659126 0.597441537465716
356 0.82181590854 True 0.48940479267107995 0.6073838698640662
357 0.0435853099038 False 0.48940479267107995 0.6073838698640662
358 0.284027333996 False 0.48940479267107995 0.6073838698640662
359 0.000157346010814 False 0.48940479267107995 0.6073838698640662
360 7.17563210586e-11 False 0.48940479267107995 0.6073838698640662
361 1.09365337668e-20 False 0.48940479267107995 0.6073838698640662
362 4.72015126482e-10 False 0.48940479267107995 0.6073838698640662
363 0.000365524000424 False 0.48940479267107995 0.6073838698640662
364 4.07046873716e-15 False 0.48940479267107995 0.6073838698640662
365 2.68196560227e-34 False 0.48940479267107995 0.6073838698640662
366 1.30913556792e-10 False 0.48940479267107995 0.6073838698640662
367 5.7370046914e-31 False 0.48940479267107995 0.6073838698640662
368 0.0768256713202 False 0.48940479267107995 0.6073838698640662
369 6.01377323212e-05 False 0.48940479267107995 0.6073838698640662
370 0.00297542758557 False 0.48940479267107995 0.6073838698640662
371 2.08836722743e-17 False 0.48940479267107995 0.6073838698640662
372 2.86016594529e-14 False 0.48940479267107995 0.6073838698640662
373 0.613146480276 True 0.5085021029943454 0.6137039339573434
374 0.891587206942 True 0.512435552224265 0.5911880779848523
375 4.7131347495e-35 False 0.512435552224265 0.5911880779848523
376 0.301364709329 True 0.49094373312552375 0.642593099179948
377 1.32122435022e-07 False 0.49094373312552375 0.642593099179948
378 0.120507947431 False 0.49094373312552375 0.642593099179948
379 0.00251271960278 False 0.49094373312552375 0.642593099179948
380 3.14486658213e-37 False 0.49094373312552375 0.642593099179948
381 0.00474994395522 False 0.49094373312552375 0.642593099179948
382 1.59608760068e-14 False 0.49094373312552375 0.642593099179948
383 0.084619804117 False 0.49094373312552375 0.642593099179948
384 4.85498197888e-14 False 0.49094373312552375 0.642593099179948
385 2.32345762509e-20 False 0.49094373312552375 0.642593099179948
386 0.00010000336419 False 0.49094373312552375 0.642593099179948
387 6.96676725952e-14 False 0.49094373312552375 0.642593099179948
388 0.00762666814012 False 0.49094373312552375 0.642593099179948
389 2.24209399884e-14 False 0.49094373312552375 0.642593099179948
390 4.18778447515e-11 False 0.49094373312552375 0.642593099179948
391 1.93782767706 True 0.5147233183583803 0.579852216087942
392 6.29649612489e-05 False 0.5147233183583803 0.579852216087942
393 4.35387403298e-06 False 0.5147233183583803 0.579852216087942
394 1.50899269092 True 0.48153757697745714 0.597029062338287
395 1.38802938047e-07 False 0.48153757697745714 0.597029062338287
396 5.41492263871e-14 False 0.48153757697745714 0.597029062338287
397 2.68300778178e-07 False 0.48153757697745714 0.597029062338287
398 0.0177816809038 False 0.48153757697745714 0.597029062338287
399 4.24761351769e-13 False 0.48153757697745714 0.597029062338287
400 8.69691765881e-07 False 0.48153757697745714 0.597029062338287
401 0.000326813624873 False 0.48153757697745714 0.597029062338287
402 0.000197297663973 False 0.48153757697745714 0.597029062338287
403 6.54785584528e-43 False 0.48153757697745714 0.597029062338287
404 1.16354443793e-11 False 0.48153757697745714 0.597029062338287
405 0.321508839798 False 0.48153757697745714 0.597029062338287
406 4.34769949748e-31 False 0.48153757697745714 0.597029062338287
407 0.122435690147 False 0.48153757697745714 0.597029062338287
408 1.08523641768e-13 False 0.48153757697745714 0.597029062338287
409 0.00183101051721 False 0.48153757697745714 0.597029062338287
410 5.82426766376e-09 False 0.48153757697745714 0.597029062338287
411 4.97034903078e-28 False 0.48153757697745714 0.597029062338287
412 0.00437325907355 False 0.48153757697745714 0.597029062338287
413 0.00171945634798 False 0.48153757697745714 0.597029062338287
414 8.42705012307e-54 False 0.48153757697745714 0.597029062338287
415 0.972133495722 True 0.48300254811150956 0.6176663400149687
416 2.00581408458e-05 False 0.48300254811150956 0.6176663400149687
417 1.29359213491e-05 False 0.48300254811150956 0.6176663400149687
418 1.74188050666e-30 False 0.48300254811150956 0.6176663400149687
419 3.35357661217e-57 False 0.48300254811150956 0.6176663400149687
420 1.41137448442e-05 False 0.48300254811150956 0.6176663400149687
421 2.45924451552e-05 False 0.48300254811150956 0.6176663400149687
422 8.98943217912e-05 False 0.48300254811150956 0.6176663400149687
423 0.00171568049591 False 0.48300254811150956 0.6176663400149687
424 1.18137028719e-11 False 0.48300254811150956 0.6176663400149687
425 0.000419307375474 False 0.48300254811150956 0.6176663400149687
426 2.75925427693e-08 False 0.48300254811150956 0.6176663400149687
427 1.23169472645e-05 False 0.48300254811150956 0.6176663400149687
428 0.000215090327514 False 0.48300254811150956 0.6176663400149687
429 4.61483443646e-05 False 0.48300254811150956 0.6176663400149687
430 3.32387767232e-09 False 0.48300254811150956 0.6176663400149687
431 1.45432656249e-36 False 0.48300254811150956 0.6176663400149687
432 1.14861771622e-18 False 0.48300254811150956 0.6176663400149687
433 2.54361155765e-12 False 0.48300254811150956 0.6176663400149687
434 3.77085550287e-06 False 0.48300254811150956 0.6176663400149687
435 4.80335474068e-15 False 0.48300254811150956 0.6176663400149687
436 1.5232284517e-20 False 0.48300254811150956 0.6176663400149687
437 6.15312370554e-16 False 0.48300254811150956 0.6176663400149687
438 0.445312076188 True 0.511813573506409 0.565612648628665
439 1.31610724895e-05 False 0.511813573506409 0.565612648628665
440 1.64632839076e-15 False 0.511813573506409 0.565612648628665
441 3.14177511422e-06 False 0.511813573506409 0.565612648628665
442 1.43779514896e-25 False 0.511813573506409 0.565612648628665
443 8.9512106009e-05 False 0.511813573506409 0.565612648628665
444 2.39883876631e-15 False 0.511813573506409 0.565612648628665
445 1.05953366877e-08 False 0.511813573506409 0.565612648628665
446 9.31515209628e-10 False 0.511813573506409 0.565612648628665
447 1.21414565036e-08 False 0.511813573506409 0.565612648628665
448 0.00441457191137 False 0.511813573506409 0.565612648628665
449 0.00123013152109 False 0.511813573506409 0.565612648628665
450 0.000212718489185 False 0.511813573506409 0.565612648628665
451 5.64947307016e-26 False 0.511813573506409 0.565612648628665
452 9.93115254195e-26 False 0.511813573506409 0.565612648628665
453 0.0320463497384 False 0.511813573506409 0.565612648628665
454 1.78049679629e-13 False 0.511813573506409 0.565612648628665
455 2.0999173679e-25 False 0.511813573506409 0.565612648628665
456 1.59175696389e-47 False 0.511813573506409 0.565612648628665
457 4.96599876898e-11 False 0.511813573506409 0.565612648628665
458 2.39894894805e-23 False 0.511813573506409 0.565612648628665
459 0.000340326019676 False 0.511813573506409 0.565612648628665
460 2.58976533506e-09 False 0.511813573506409 0.565612648628665
461 8.9502205045e-06 False 0.511813573506409 0.565612648628665
462 0.00832189369715 False 0.511813573506409 0.565612648628665
463 1.83249031036e-09 False 0.511813573506409 0.565612648628665
464 8.49404317641e-07 False 0.511813573506409 0.565612648628665
465 1.47134220507e-18 False 0.511813573506409 0.565612648628665
466 2.78870247019e-08 False 0.511813573506409 0.565612648628665
467 2.20722223671e-27 False 0.511813573506409 0.565612648628665
468 1.74985768925e-09 False 0.511813573506409 0.565612648628665
469 7.48385218247e-08 False 0.511813573506409 0.565612648628665
470 1.39920279532 True 0.48304901336746386 0.6282892747883306
471 1.06982048119e-27 False 0.48304901336746386 0.6282892747883306
472 2.19351474438e-13 False 0.48304901336746386 0.6282892747883306
473 0.331945430858 False 0.48304901336746386 0.6282892747883306
474 7.93302404966e-14 False 0.48304901336746386 0.6282892747883306
475 1.24904202489 True 0.5088221339726492 0.6237745349320359
476 1.05280289011e-21 False 0.5088221339726492 0.6237745349320359
477 0.0657623356971 False 0.5088221339726492 0.6237745349320359
478 0.229022008932 False 0.5088221339726492 0.6237745349320359
479 4.68048548696e-12 False 0.5088221339726492 0.6237745349320359
480 4.37897480664e-14 False 0.5088221339726492 0.6237745349320359
481 5.01343654116e-10 False 0.5088221339726492 0.6237745349320359
482 0.000143069981272 False 0.5088221339726492 0.6237745349320359
483 2.29701297856e-09 False 0.5088221339726492 0.6237745349320359
484 0.438807050439 False 0.5088221339726492 0.6237745349320359
485 0.206134581317 False 0.5088221339726492 0.6237745349320359
486 0.408603170147 False 0.5088221339726492 0.6237745349320359
487 2.46721400429e-21 False 0.5088221339726492 0.6237745349320359
488 8.05651176413e-12 False 0.5088221339726492 0.6237745349320359
489 0.88831499536 True 0.5166326021244865 0.596134900450062
490 2.54523659804e-14 False 0.5166326021244865 0.596134900450062
491 1.04101186707e-39 False 0.5166326021244865 0.596134900450062
492 2.11504434965 True 0.5037492898657455 0.5768061818016206
493 6.01409153615e-06 False 0.5037492898657455 0.5768061818016206
494 0.663783378249 True 0.49888260247251676 0.5684628511084674
495 0.000139711703947 False 0.49888260247251676 0.5684628511084674
496 0.00124802410929 False 0.49888260247251676 0.5684628511084674
497 1.2607252692e-16 False 0.49888260247251676 0.5684628511084674
498 0.0025294787483 False 0.49888260247251676 0.5684628511084674
499 2.80121105296e-23 False 0.49888260247251676 0.5684628511084674
500 4.42139623343e-12 False 0.49888260247251676 0.5684628511084674
501 1.2100567158e-05 False 0.49888260247251676 0.5684628511084674
502 9.11603004151e-25 False 0.49888260247251676 0.5684628511084674
503 0.0202477834177 False 0.49888260247251676 0.5684628511084674
504 2.36859811467e-28 False 0.49888260247251676 0.5684628511084674
505 0.481183426713 False 0.49888260247251676 0.5684628511084674
506 0.000271701279343 False 0.49888260247251676 0.5684628511084674
507 1.40078895682e-10 False 0.49888260247251676 0.5684628511084674
508 0.00246659908893 False 0.49888260247251676 0.5684628511084674
509 5.2022629092e-21 False 0.49888260247251676 0.5684628511084674
510 1.5687094506e-34 False 0.49888260247251676 0.5684628511084674
511 7.15169470226e-18 False 0.49888260247251676 0.5684628511084674
512 1.62950820268e-09 False 0.49888260247251676 0.5684628511084674
513 5.98588379411e-18 False 0.49888260247251676 0.5684628511084674
514 0.00284733267466 False 0.49888260247251676 0.5684628511084674
515 3.7546049012e-08 False 0.49888260247251676 0.5684628511084674
516 3.29667280757e-07 False 0.49888260247251676 0.5684628511084674
517 3.01841702219e-16 False 0.49888260247251676 0.5684628511084674
518 5.70942210919e-09 False 0.49888260247251676 0.5684628511084674
519 0.335045582593 False 0.49888260247251676 0.5684628511084674
520 1.01900826132e-21 False 0.49888260247251676 0.5684628511084674
521 4.63112912616e-33 False 0.49888260247251676 0.5684628511084674
522 1.447046786e-10 False 0.49888260247251676 0.5684628511084674
523 0.579229212269 True 0.4915464327782578 0.6374205800313851
524 1.12366646263e-07 False 0.4915464327782578 0.6374205800313851
525 0.000368639052364 False 0.4915464327782578 0.6374205800313851
526 2.24708602482e-10 False 0.4915464327782578 0.6374205800313851
527 0.000305182404382 False 0.4915464327782578 0.6374205800313851
528 3.61047832131e-10 False 0.4915464327782578 0.6374205800313851
529 6.85422007865e-13 False 0.4915464327782578 0.6374205800313851
530 0.109381532357 False 0.4915464327782578 0.6374205800313851
531 7.30075515169e-05 False 0.4915464327782578 0.6374205800313851
532 2.87176123445e-07 False 0.4915464327782578 0.6374205800313851
533 3.46084558368e-06 False 0.4915464327782578 0.6374205800313851
534 8.06062797055e-15 False 0.4915464327782578 0.6374205800313851
535 1.11777051063e-05 False 0.4915464327782578 0.6374205800313851
536 2.49297051253e-13 False 0.4915464327782578 0.6374205800313851
537 8.7113317625e-06 False 0.4915464327782578 0.6374205800313851
538 9.54118842994e-41 False 0.4915464327782578 0.6374205800313851
539 0.000398176149146 False 0.4915464327782578 0.6374205800313851
540 5.36188049088e-15 False 0.4915464327782578 0.6374205800313851
541 1.18017621307 True 0.5014869657426549 0.5634806040010302
542 3.53043014104e-14 False 0.5014869657426549 0.5634806040010302
543 3.58446199957e-08 False 0.5014869657426549 0.5634806040010302
544 0.000679565289905 False 0.5014869657426549 0.5634806040010302
545 8.17476726939e-26 False 0.5014869657426549 0.5634806040010302
546 9.34642185316e-12 False 0.5014869657426549 0.5634806040010302
547 0.000387749201731 False 0.5014869657426549 0.5634806040010302
548 0.0188203649637 False 0.5014869657426549 0.5634806040010302
549 2.11759323118e-11 False 0.5014869657426549 0.5634806040010302
550 0.00611421045764 False 0.5014869657426549 0.5634806040010302
551 0.0658369796347 False 0.5014869657426549 0.5634806040010302
552 2.9610785663 True 0.5071350933663901 0.6005910914005073
553 0.469356820662 False 0.5071350933663901 0.6005910914005073
554 0.102054747216 False 0.5071350933663901 0.6005910914005073
555 0.00152135870155 False 0.5071350933663901 0.6005910914005073
556 1.42895948675e-21 False 0.5071350933663901 0.6005910914005073
557 6.61719122981e-27 False 0.5071350933663901 0.6005910914005073
558 0.000285052403314 False 0.5071350933663901 0.6005910914005073
559 8.08897671016e-05 False 0.5071350933663901 0.6005910914005073
560 4.87985775717e-12 False 0.5071350933663901 0.6005910914005073
561 0.00215575820807 False 0.5071350933663901 0.6005910914005073
562 0.30234025596 False 0.5071350933663901 0.6005910914005073
563 3.79754289654e-06 False 0.5071350933663901 0.6005910914005073
564 9.23323623569e-13 False 0.5071350933663901 0.6005910914005073
565 0.000108033473685 False 0.5071350933663901 0.6005910914005073
566 1.22314396174e-05 False 0.5071350933663901 0.6005910914005073
567 8.39786449697e-11 False 0.5071350933663901 0.6005910914005073
568 1.45446007785e-05 False 0.5071350933663901 0.6005910914005073
569 2.58312033486e-08 False 0.5071350933663901 0.6005910914005073
570 0.000464795133905 False 0.5071350933663901 0.6005910914005073
571 1.60360158197e-05 False 0.5071350933663901 0.6005910914005073
572 0.000509181311487 False 0.5071350933663901 0.6005910914005073
573 0.00167689478197 False 0.5071350933663901 0.6005910914005073
574 0.0122243118081 False 0.5071350933663901 0.6005910914005073
575 1.44345018625e-34 False 0.5071350933663901 0.6005910914005073
576 6.30012562632e-05 False 0.5071350933663901 0.6005910914005073
577 5.92702672835e-06 False 0.5071350933663901 0.6005910914005073
578 0.000717363394786 False 0.5071350933663901 0.6005910914005073
579 8.22232001792e-08 False 0.5071350933663901 0.6005910914005073
580 0.00337306878582 False 0.5071350933663901 0.6005910914005073
581 5.71315122428e-20 False 0.5071350933663901 0.6005910914005073
582 1.18087041048e-05 False 0.5071350933663901 0.6005910914005073
583 7.33559461889e-05 False 0.5071350933663901 0.6005910914005073
584 6.00386385334e-12 False 0.5071350933663901 0.6005910914005073
585 0.204312861801 True 0.5111071741645895 0.629822557101837
586 0.00771786713212 False 0.5111071741645895 0.629822557101837
587 9.20835972522e-22 False 0.5111071741645895 0.629822557101837
588 3.04034980799e-13 False 0.5111071741645895 0.629822557101837
589 1.44720905287e-11 False 0.5111071741645895 0.629822557101837
590 0.802390614401 False 0.5111071741645895 0.629822557101837
591 3.54738169075e-65 False 0.5111071741645895 0.629822557101837
592 4.39551608792 True 0.48633759373197594 0.6039777877203819
593 3.16922659647e-06 False 0.48633759373197594 0.6039777877203819
594 5.38797838766e-26 False 0.48633759373197594 0.6039777877203819
595 8.43740480013e-10 False 0.48633759373197594 0.6039777877203819
596 5.49555555511e-08 False 0.48633759373197594 0.6039777877203819
597 0.00353243112738 False 0.48633759373197594 0.6039777877203819
598 0.595215962247 False 0.48633759373197594 0.6039777877203819
599 0.0153305971201 False 0.48633759373197594 0.6039777877203819
600 4.5595040323e-09 False 0.48633759373197594 0.6039777877203819
601 2.53138904858e-37 False 0.48633759373197594 0.6039777877203819
602 0.000110255888393 False 0.48633759373197594 0.6039777877203819
603 1.24033228252e-05 False 0.48633759373197594 0.6039777877203819
604 0.616925999102 True 0.48531837726740806 0.6211876761203183
605 3.76989605304e-05 False 0.48531837726740806 0.6211876761203183
606 2.0030010721e-14 False 0.48531837726740806 0.6211876761203183
607 3.44040776203e-17 False 0.48531837726740806 0.6211876761203183
608 0.00104733922101 False 0.48531837726740806 0.6211876761203183
609 1.63353979203e-13 False 0.48531837726740806 0.6211876761203183
610 0.21904543166 False 0.48531837726740806 0.6211876761203183
611 0.0015717192435 False 0.48531837726740806 0.6211876761203183
612 1.30987041145e-06 False 0.48531837726740806 0.6211876761203183
613 0.00079849913601 False 0.48531837726740806 0.6211876761203183
614 0.0130866969035 False 0.48531837726740806 0.6211876761203183
615 5.70381321146e-05 False 0.48531837726740806 0.6211876761203183
616 5.28936546564e-06 False 0.48531837726740806 0.6211876761203183
617 2.17341548139 True 0.4982737183291438 0.6122487885151406
618 3.11122739462e-21 False 0.4982737183291438 0.6122487885151406
619 6.21633540608e-05 False 0.4982737183291438 0.6122487885151406
620 1.21340167498e-35 False 0.4982737183291438 0.6122487885151406
621 0.00092218772347 False 0.4982737183291438 0.6122487885151406
622 1.56227821796e-12 False 0.4982737183291438 0.6122487885151406
623 6.3989452556e-06 False 0.4982737183291438 0.6122487885151406
624 7.29462818907e-12 False 0.4982737183291438 0.6122487885151406
625 0.000130876298277 False 0.4982737183291438 0.6122487885151406
626 1.43489021293e-17 False 0.4982737183291438 0.6122487885151406
627 0.00326387685075 False 0.4982737183291438 0.6122487885151406
628 0.00429458365683 False 0.4982737183291438 0.6122487885151406
629 0.0353037349632 False 0.4982737183291438 0.6122487885151406
630 7.66020957915e-06 False 0.4982737183291438 0.6122487885151406
631 0.00252081402111 False 0.4982737183291438 0.6122487885151406
632 2.13152325873e-16 False 0.4982737183291438 0.6122487885151406
633 0.000782568214966 False 0.4982737183291438 0.6122487885151406
634 2.12363456229e-19 False 0.4982737183291438 0.6122487885151406
635 6.32358468657e-05 False 0.4982737183291438 0.6122487885151406
636 1.77378352499e-24 False 0.4982737183291438 0.6122487885151406
637 1.66923540758e-06 False 0.4982737183291438 0.6122487885151406
638 3.68299212021e-43 False 0.4982737183291438 0.6122487885151406
639 2.49235369077e-06 False 0.4982737183291438 0.6122487885151406
640 0.00215950816143 False 0.4982737183291438 0.6122487885151406
641 1.62907390701e-20 False 0.4982737183291438 0.6122487885151406
642 2.38276148978e-07 False 0.4982737183291438 0.6122487885151406
643 4.40876522813e-24 False 0.4982737183291438 0.6122487885151406
644 1.221714558e-08 False 0.4982737183291438 0.6122487885151406
645 7.62063863461e-17 False 0.4982737183291438 0.6122487885151406
646 0.402733105555 False 0.4982737183291438 0.6122487885151406
647 8.92139512527e-09 False 0.4982737183291438 0.6122487885151406
648 3.09596033532e-05 False 0.4982737183291438 0.6122487885151406
649 9.96894168642e-07 False 0.4982737183291438 0.6122487885151406
650 7.0345694797e-18 False 0.4982737183291438 0.6122487885151406
651 7.06765580889e-14 False 0.4982737183291438 0.6122487885151406
652 4.25972150097e-07 False 0.4982737183291438 0.6122487885151406
653 1.51003453098e-20 False 0.4982737183291438 0.6122487885151406
654 4.45918745917e-47 False 0.4982737183291438 0.6122487885151406
655 0.000370325595856 False 0.4982737183291438 0.6122487885151406
656 6.59655116327e-13 False 0.4982737183291438 0.6122487885151406
657 1.67079392214e-09 False 0.4982737183291438 0.6122487885151406
658 1.14234921285 True 0.4995509890892585 0.6048330934577933
659 2.70208688699e-24 False 0.4995509890892585 0.6048330934577933
660 8.9817254537e-08 False 0.4995509890892585 0.6048330934577933
661 0.000121406429458 False 0.4995509890892585 0.6048330934577933
662 4.73468441708e-50 False 0.4995509890892585 0.6048330934577933
663 5.46025590581e-14 False 0.4995509890892585 0.6048330934577933
664 1.67649092163e-10 False 0.4995509890892585 0.6048330934577933
665 0.000195243707225 False 0.4995509890892585 0.6048330934577933
666 4.22632480018e-15 False 0.4995509890892585 0.6048330934577933
667 2.11839475013e-12 False 0.4995509890892585 0.6048330934577933
668 1.75503352175e-14 False 0.4995509890892585 0.6048330934577933
669 2.14162464782e-14 False 0.4995509890892585 0.6048330934577933
670 9.06472740629e-05 False 0.4995509890892585 0.6048330934577933
671 5.80177254247e-10 False 0.4995509890892585 0.6048330934577933
672 1.4886057931e-05 False 0.4995509890892585 0.6048330934577933
673 0.16169629188 False 0.4995509890892585 0.6048330934577933
674 2.49367418059e-24 False 0.4995509890892585 0.6048330934577933
675 0.00462775287963 False 0.4995509890892585 0.6048330934577933
676 8.96633392169e-09 False 0.4995509890892585 0.6048330934577933
677 0.350490225838 False 0.4995509890892585 0.6048330934577933
678 0.108973653407 False 0.4995509890892585 0.6048330934577933
679 2.39730386567e-08 False 0.4995509890892585 0.6048330934577933
680 8.22845706892e-26 False 0.4995509890892585 0.6048330934577933
681 3.43897725868e-22 False 0.4995509890892585 0.6048330934577933
682 1.76296603921e-05 False 0.4995509890892585 0.6048330934577933
683 0.128110177893 False 0.4995509890892585 0.6048330934577933
684 1.21710980191e-05 False 0.4995509890892585 0.6048330934577933
685 2.87387945051e-10 False 0.4995509890892585 0.6048330934577933
686 0.0393953723754 False 0.4995509890892585 0.6048330934577933
687 0.207776590942 False 0.4995509890892585 0.6048330934577933
688 6.25105513354e-09 False 0.4995509890892585 0.6048330934577933
689 9.95161662748e-16 False 0.4995509890892585 0.6048330934577933
690 2.38015284241e-15 False 0.4995509890892585 0.6048330934577933
691 1.10746333097e-16 False 0.4995509890892585 0.6048330934577933
692 0.000194923990915 False 0.4995509890892585 0.6048330934577933
693 7.4286952995e-32 False 0.4995509890892585 0.6048330934577933
694 0.115621947917 False 0.4995509890892585 0.6048330934577933
695 0.159430558603 False 0.4995509890892585 0.6048330934577933
696 1.05396125368e-18 False 0.4995509890892585 0.6048330934577933
697 0.00263720922033 False 0.4995509890892585 0.6048330934577933
698 1.51630482418e-06 False 0.4995509890892585 0.6048330934577933
699 3.46959539113e-08 False 0.4995509890892585 0.6048330934577933
700 0.00157793753808 False 0.4995509890892585 0.6048330934577933
701 5.00330294397e-25 False 0.4995509890892585 0.6048330934577933
702 6.4279038092e-14 False 0.4995509890892585 0.6048330934577933
703 1.12869736346e-11 False 0.4995509890892585 0.6048330934577933
704 0.141695758096 False 0.4995509890892585 0.6048330934577933
705 3.89068536208e-06 False 0.4995509890892585 0.6048330934577933
706 0.0293082177124 False 0.4995509890892585 0.6048330934577933
707 2.79110131857e-15 False 0.4995509890892585 0.6048330934577933
708 9.59743245866e-16 False 0.4995509890892585 0.6048330934577933
709 6.07558929372e-13 False 0.4995509890892585 0.6048330934577933
710 0.00017703175565 False 0.4995509890892585 0.6048330934577933
711 1.62638624901e-07 False 0.4995509890892585 0.6048330934577933
712 1.97183993972e-06 False 0.4995509890892585 0.6048330934577933
713 1.86124408641e-16 False 0.4995509890892585 0.6048330934577933
714 0.511727939737 False 0.4995509890892585 0.6048330934577933
715 0.000481945541062 False 0.4995509890892585 0.6048330934577933
716 3.30765952118e-11 False 0.4995509890892585 0.6048330934577933
717 5.35295957577e-21 False 0.4995509890892585 0.6048330934577933
718 0.0167462256387 False 0.4995509890892585 0.6048330934577933
719 0.0653856394925 False 0.4995509890892585 0.6048330934577933
720 7.11581408418e-07 False 0.4995509890892585 0.6048330934577933
721 1.04773920103e-08 False 0.4995509890892585 0.6048330934577933
722 0.0154192823599 False 0.4995509890892585 0.6048330934577933
723 2.61096127382e-21 False 0.4995509890892585 0.6048330934577933
724 1.97703943078e-06 False 0.4995509890892585 0.6048330934577933
725 9.38436425146e-10 False 0.4995509890892585 0.6048330934577933
726 1.024050538e-13 False 0.4995509890892585 0.6048330934577933
727 0.0108707752237 False 0.4995509890892585 0.6048330934577933
728 3.36679694658e-19 False 0.4995509890892585 0.6048330934577933
729 8.48039538484e-10 False 0.4995509890892585 0.6048330934577933
730 2.55764087752e-14 False 0.4995509890892585 0.6048330934577933
731 0.366306738682 False 0.4995509890892585 0.6048330934577933
732 8.75674907263e-07 False 0.4995509890892585 0.6048330934577933
733 8.56953369388e-11 False 0.4995509890892585 0.6048330934577933
734 0.000106324567655 False 0.4995509890892585 0.6048330934577933
735 1.06627092483e-36 False 0.4995509890892585 0.6048330934577933
736 4.93196486274e-06 False 0.4995509890892585 0.6048330934577933
737 0.980618957902 True 0.49364303482431243 0.6043534466048642
738 4.31423051645e-07 False 0.49364303482431243 0.6043534466048642
739 4.16326229397e-05 False 0.49364303482431243 0.6043534466048642
740 3.06258232482e-08 False 0.49364303482431243 0.6043534466048642
741 1.04085538665e-20 False 0.49364303482431243 0.6043534466048642
742 6.26386896293e-37 False 0.49364303482431243 0.6043534466048642
743 1.22137114478e-06 False 0.49364303482431243 0.6043534466048642
744 9.70592324216e-12 False 0.49364303482431243 0.6043534466048642
745 8.74995339369e-06 False 0.49364303482431243 0.6043534466048642
746 8.40310377781e-09 False 0.49364303482431243 0.6043534466048642
747 4.63694688737e-11 False 0.49364303482431243 0.6043534466048642
748 1.22948050185e-07 False 0.49364303482431243 0.6043534466048642
749 7.1311415749e-30 False 0.49364303482431243 0.6043534466048642
750 1.51650649471e-19 False 0.49364303482431243 0.6043534466048642
751 9.9940809697e-07 False 0.49364303482431243 0.6043534466048642
752 1.67375428841e-30 False 0.49364303482431243 0.6043534466048642
753 0.00467936855603 False 0.49364303482431243 0.6043534466048642
754 0.542018488381 False 0.49364303482431243 0.6043534466048642
755 0.00680074743223 False 0.49364303482431243 0.6043534466048642
756 6.15861100789e-08 False 0.49364303482431243 0.6043534466048642
757 0.000855580553909 False 0.49364303482431243 0.6043534466048642
758 2.29070700678e-19 False 0.49364303482431243 0.6043534466048642
759 1.60058077659e-25 False 0.49364303482431243 0.6043534466048642
760 3.10025718858e-13 False 0.49364303482431243 0.6043534466048642
761 5.26221024645e-34 False 0.49364303482431243 0.6043534466048642
762 0.0176836133505 False 0.49364303482431243 0.6043534466048642
763 9.60107430641e-23 False 0.49364303482431243 0.6043534466048642
764 6.18537606389e-07 False 0.49364303482431243 0.6043534466048642
765 1.83644864053e-29 False 0.49364303482431243 0.6043534466048642
766 6.17744667454e-12 False 0.49364303482431243 0.6043534466048642
767 2.42116072828e-10 False 0.49364303482431243 0.6043534466048642
768 1.03005193174 True 0.5005247871888147 0.5965460296730584
769 0.00307681477832 False 0.5005247871888147 0.5965460296730584
770 6.79597431309e-05 False 0.5005247871888147 0.5965460296730584
771 1.64780454767e-18 False 0.5005247871888147 0.5965460296730584
772 2.83820787509e-12 False 0.5005247871888147 0.5965460296730584
773 5.5176245163e-13 False 0.5005247871888147 0.5965460296730584
774 1.48690091027e-12 False 0.5005247871888147 0.5965460296730584
775 2.90873951938e-12 False 0.5005247871888147 0.5965460296730584
776 9.66587898544e-05 False 0.5005247871888147 0.5965460296730584
777 1.30600297977e-06 False 0.5005247871888147 0.5965460296730584
778 1.52964429018e-10 False 0.5005247871888147 0.5965460296730584
779 6.46651897639e-19 False 0.5005247871888147 0.5965460296730584
780 0.711597669596 True 0.4904066785510034 0.6143339157360415
781 0.00539978382793 False 0.4904066785510034 0.6143339157360415
782 0.00175932663219 False 0.4904066785510034 0.6143339157360415
783 2.39927190072e-41 False 0.4904066785510034 0.6143339157360415
784 9.28043006243e-36 False 0.4904066785510034 0.6143339157360415
785 0.00377295803759 False 0.4904066785510034 0.6143339157360415
786 5.2579965945e-08 False 0.4904066785510034 0.6143339157360415
787 1.00460512861e-21 False 0.4904066785510034 0.6143339157360415
788 0.0316454738022 False 0.4904066785510034 0.6143339157360415
789 6.49781537057e-26 False 0.4904066785510034 0.6143339157360415
790 8.89582333411e-18 False 0.4904066785510034 0.6143339157360415
791 4.05752777302e-15 False 0.4904066785510034 0.6143339157360415
792 1.54439631678e-07 False 0.4904066785510034 0.6143339157360415
793 1.85019351079e-13 False 0.4904066785510034 0.6143339157360415
794 1.36230955859 True 0.49678698476517297 0.5917879404334466
795 0.00676190554703 False 0.49678698476517297 0.5917879404334466
796 5.76131123637e-06 False 0.49678698476517297 0.5917879404334466
797 0.282837945747 False 0.49678698476517297 0.5917879404334466
798 1.22173820711e-17 False 0.49678698476517297 0.5917879404334466
799 2.32851007791e-10 False 0.49678698476517297 0.5917879404334466
800 0.15853518071 False 0.49678698476517297 0.5917879404334466
801 9.01809921504e-06 False 0.49678698476517297 0.5917879404334466
802 0.000975606879127 False 0.49678698476517297 0.5917879404334466
803 9.72245110839e-05 False 0.49678698476517297 0.5917879404334466
804 1.35427338485e-18 False 0.49678698476517297 0.5917879404334466
805 1.6477946698e-08 False 0.49678698476517297 0.5917879404334466
806 0.000141417803723 False 0.49678698476517297 0.5917879404334466
807 0.000610358245594 False 0.49678698476517297 0.5917879404334466
808 5.87691919179e-10 False 0.49678698476517297 0.5917879404334466
809 3.13469280783e-11 False 0.49678698476517297 0.5917879404334466
810 7.87839885143e-05 False 0.49678698476517297 0.5917879404334466
811 0.0223601853554 False 0.49678698476517297 0.5917879404334466
812 3.21013906315e-10 False 0.49678698476517297 0.5917879404334466
813 8.7634435413e-14 False 0.49678698476517297 0.5917879404334466
814 1.586359587e-20 False 0.49678698476517297 0.5917879404334466
815 0.000241049056023 False 0.49678698476517297 0.5917879404334466
816 3.32118164909e-05 False 0.49678698476517297 0.5917879404334466
817 2.54527218839e-10 False 0.49678698476517297 0.5917879404334466
818 7.39727362091e-05 False 0.49678698476517297 0.5917879404334466
819 0.119394736263 False 0.49678698476517297 0.5917879404334466
820 3.35246845312e-23 False 0.49678698476517297 0.5917879404334466
821 6.76273146752e-09 False 0.49678698476517297 0.5917879404334466
822 1.09239895664e-09 False 0.49678698476517297 0.5917879404334466
823 2.07725695734e-10 False 0.49678698476517297 0.5917879404334466
824 1.08328390257e-15 False 0.49678698476517297 0.5917879404334466
825 6.25536488407e-13 False 0.49678698476517297 0.5917879404334466
826 4.12764970441e-16 False 0.49678698476517297 0.5917879404334466
827 0.000223404211616 False 0.49678698476517297 0.5917879404334466
828 1.00854504007e-11 False 0.49678698476517297 0.5917879404334466
829 0.0462238207593 False 0.49678698476517297 0.5917879404334466
830 2.86445545708e-19 False 0.49678698476517297 0.5917879404334466
831 0.799477107437 False 0.49678698476517297 0.5917879404334466
832 0.0576421169565 False 0.49678698476517297 0.5917879404334466
833 1.13372718577e-26 False 0.49678698476517297 0.5917879404334466
834 8.24165399181e-11 False 0.49678698476517297 0.5917879404334466
835 2.23267580863e-05 False 0.49678698476517297 0.5917879404334466
836 0.0247706099701 False 0.49678698476517297 0.5917879404334466
837 0.000878832195772 False 0.49678698476517297 0.5917879404334466
838 0.000377405418227 False 0.49678698476517297 0.5917879404334466
839 0.000104651615797 False 0.49678698476517297 0.5917879404334466
840 0.00035410076534 False 0.49678698476517297 0.5917879404334466
841 0.00331382862679 False 0.49678698476517297 0.5917879404334466
842 4.36812519557e-05 False 0.49678698476517297 0.5917879404334466
843 1.11783220216e-09 False 0.49678698476517297 0.5917879404334466
844 0.632417762105 True 0.4874707984859713 0.5904226569940015
845 1.57652860365e-22 False 0.4874707984859713 0.5904226569940015
846 6.9709046785e-18 False 0.4874707984859713 0.5904226569940015
847 0.000671972738248 False 0.4874707984859713 0.5904226569940015
848 0.00201862801846 False 0.4874707984859713 0.5904226569940015
849 0.0318625163918 False 0.4874707984859713 0.5904226569940015
850 1.07087542034e-17 False 0.4874707984859713 0.5904226569940015
851 5.42034848198e-05 False 0.4874707984859713 0.5904226569940015
852 7.23465984024e-24 False 0.4874707984859713 0.5904226569940015
853 6.61754120537e-11 False 0.4874707984859713 0.5904226569940015
854 4.45951747634e-08 False 0.4874707984859713 0.5904226569940015
855 7.10935108455e-13 False 0.4874707984859713 0.5904226569940015
856 6.27352956463e-32 False 0.4874707984859713 0.5904226569940015
857 3.50446482042e-12 False 0.4874707984859713 0.5904226569940015
858 0.587379164656 True 0.5006466426431907 0.5687042888685351
859 0.210303887167 False 0.5006466426431907 0.5687042888685351
860 0.218969618979 True 0.4767248225004814 0.575593094250944
861 4.38391354139e-06 False 0.4767248225004814 0.575593094250944
862 9.41884463002e-07 False 0.4767248225004814 0.575593094250944
863 0.00925896436222 False 0.4767248225004814 0.575593094250944
864 1.50697328237e-06 False 0.4767248225004814 0.575593094250944
865 9.38159947085 True 0.5047962631634804 0.6090236032411778
866 0.00118590161284 False 0.5047962631634804 0.6090236032411778
867 0.368773917594 True 0.49740437215502187 0.5650849004049445
868 0.00118194195704 False 0.49740437215502187 0.5650849004049445
869 1.17792986269 True 0.4991665919986487 0.631509412707638
870 6.87334166418e-25 False 0.4991665919986487 0.631509412707638
871 3.73078187208e-15 False 0.4991665919986487 0.631509412707638
872 5.23615053601e-10 False 0.4991665919986487 0.631509412707638
873 4.31608304111e-12 False 0.4991665919986487 0.631509412707638
874 3.73061176148e-08 False 0.4991665919986487 0.631509412707638
875 0.0123676585416 False 0.4991665919986487 0.631509412707638
876 4.79073684208e-27 False 0.4991665919986487 0.631509412707638
877 8.12115270817e-07 False 0.4991665919986487 0.631509412707638
878 7.85056884767e-41 False 0.4991665919986487 0.631509412707638
879 4.92174324077e-15 False 0.4991665919986487 0.631509412707638
880 0.00882594651602 False 0.4991665919986487 0.631509412707638
881 0.000181401191498 False 0.4991665919986487 0.631509412707638
882 7.05929464723e-21 False 0.4991665919986487 0.631509412707638
883 4.45524934149e-07 False 0.4991665919986487 0.631509412707638
884 2.5244098837 True 0.4941117588162945 0.6140620515426437
885 5.13062539457e-10 False 0.4941117588162945 0.6140620515426437
886 0.000219132549982 False 0.4941117588162945 0.6140620515426437
887 3.0627493778e-05 False 0.4941117588162945 0.6140620515426437
888 8.18671737878e-23 False 0.4941117588162945 0.6140620515426437
889 1.67635068115e-08 False 0.4941117588162945 0.6140620515426437
890 0.0577528363309 False 0.4941117588162945 0.6140620515426437
891 1.09273654053e-09 False 0.4941117588162945 0.6140620515426437
892 5.68220856041e-18 False 0.4941117588162945 0.6140620515426437
893 0.000751783781521 False 0.4941117588162945 0.6140620515426437
894 3.33106772294e-05 False 0.4941117588162945 0.6140620515426437
895 0.122295279152 False 0.4941117588162945 0.6140620515426437
896 1.9174481779e-11 False 0.4941117588162945 0.6140620515426437
897 6.56569215045e-14 False 0.4941117588162945 0.6140620515426437
898 3.677880901e-08 False 0.4941117588162945 0.6140620515426437
899 1.57753224978e-15 False 0.4941117588162945 0.6140620515426437
900 1.45883117219e-22 False 0.4941117588162945 0.6140620515426437
901 1.22913146022e-11 False 0.4941117588162945 0.6140620515426437
902 0.13672561823 False 0.4941117588162945 0.6140620515426437
903 4.60424431848e-06 False 0.4941117588162945 0.6140620515426437
904 0.000876286782648 False 0.4941117588162945 0.6140620515426437
905 4.43298271697e-31 False 0.4941117588162945 0.6140620515426437
906 4.88363364546e-11 False 0.4941117588162945 0.6140620515426437
907 2.41527554739e-12 False 0.4941117588162945 0.6140620515426437
908 1.89909045393e-37 False 0.4941117588162945 0.6140620515426437
909 1.11226892227e-21 False 0.4941117588162945 0.6140620515426437
910 0.558149795063 True 0.4876767669950394 0.6222844207495718
911 0.087519435237 False 0.4876767669950394 0.6222844207495718
912 0.000429503488977 False 0.4876767669950394 0.6222844207495718
913 0.0011194061642 False 0.4876767669950394 0.6222844207495718
914 1.32945797224e-09 False 0.4876767669950394 0.6222844207495718
915 2.74172333601e-07 False 0.4876767669950394 0.6222844207495718
916 0.00314146946712 False 0.4876767669950394 0.6222844207495718
917 5.8611133728e-21 False 0.4876767669950394 0.6222844207495718
918 1.22526559482e-10 False 0.4876767669950394 0.6222844207495718
919 3.03702040652e-09 False 0.4876767669950394 0.6222844207495718
920 8.26408240882e-13 False 0.4876767669950394 0.6222844207495718
921 0.0263332961797 False 0.4876767669950394 0.6222844207495718
922 7.29076483252e-33 False 0.4876767669950394 0.6222844207495718
923 3.20733830062e-06 False 0.4876767669950394 0.6222844207495718
924 1.99499133611e-06 False 0.4876767669950394 0.6222844207495718
925 0.00631537090333 False 0.4876767669950394 0.6222844207495718
926 5.38616128429e-10 False 0.4876767669950394 0.6222844207495718
927 7.84524795526e-05 False 0.4876767669950394 0.6222844207495718
928 0.00607875903462 False 0.4876767669950394 0.6222844207495718
929 3.3579377567e-09 False 0.4876767669950394 0.6222844207495718
930 1.41393071377e-20 False 0.4876767669950394 0.6222844207495718
931 4.2060348793e-24 False 0.4876767669950394 0.6222844207495718
932 5.84504640046e-16 False 0.4876767669950394 0.6222844207495718
933 5.19581408295e-13 False 0.4876767669950394 0.6222844207495718
934 0.0169215497711 False 0.4876767669950394 0.6222844207495718
935 7.88054235655e-12 False 0.4876767669950394 0.6222844207495718
936 2.55125466554e-07 False 0.4876767669950394 0.6222844207495718
937 3.91874035791e-11 False 0.4876767669950394 0.6222844207495718
938 0.157400426562 True 0.5175154962730665 0.5632767338792418
939 0.000188628269764 False 0.5175154962730665 0.5632767338792418
940 1.60886090938e-34 False 0.5175154962730665 0.5632767338792418
941 0.0644352301948 False 0.5175154962730665 0.5632767338792418
942 11.5201964634 True 0.5040374181793561 0.6062345699256937
943 0.00102099922611 False 0.5040374181793561 0.6062345699256937
944 2.45048933862e-26 False 0.5040374181793561 0.6062345699256937
945 6.61327515809e-11 False 0.5040374181793561 0.6062345699256937
946 0.137118706842 False 0.5040374181793561 0.6062345699256937
947 0.0774134501074 False 0.5040374181793561 0.6062345699256937
948 3.0081193892e-07 False 0.5040374181793561 0.6062345699256937
949 1.02517184998e-36 False 0.5040374181793561 0.6062345699256937
950 2.25793399066e-11 False 0.5040374181793561 0.6062345699256937
951 5.6113051306e-11 False 0.5040374181793561 0.6062345699256937
952 1.44477492176e-11 False 0.5040374181793561 0.6062345699256937
953 3.52490658827e-15 False 0.5040374181793561 0.6062345699256937
954 0.00533145821448 False 0.5040374181793561 0.6062345699256937
955 1.59618952292e-05 False 0.5040374181793561 0.6062345699256937
956 0.993278428221 True 0.5038838336409599 0.5893502549917353
957 2.01174873689e-23 False 0.5038838336409599 0.5893502549917353
958 2.18834441573e-06 False 0.5038838336409599 0.5893502549917353
959 0.317754751484 False 0.5038838336409599 0.5893502549917353
960 3.35864232694e-18 False 0.5038838336409599 0.5893502549917353
961 1.28343397983e-14 False 0.5038838336409599 0.5893502549917353
962 4.0626284084e-07 False 0.5038838336409599 0.5893502549917353
963 5.28143860987e-16 False 0.5038838336409599 0.5893502549917353
964 2.38635993821e-14 False 0.5038838336409599 0.5893502549917353
965 2.39044966473e-33 False 0.5038838336409599 0.5893502549917353
966 0.0664586126085 False 0.5038838336409599 0.5893502549917353
967 2.11705216501e-11 False 0.5038838336409599 0.5893502549917353
968 2.82610425726e-21 False 0.5038838336409599 0.5893502549917353
969 0.000258574166833 False 0.5038838336409599 0.5893502549917353
970 3.73350787983e-07 False 0.5038838336409599 0.5893502549917353
971 0.000206634479256 False 0.5038838336409599 0.5893502549917353
972 0.00156817955619 False 0.5038838336409599 0.5893502549917353
973 0.00060101364307 False 0.5038838336409599 0.5893502549917353
974 8.94412624161e-05 False 0.5038838336409599 0.5893502549917353
975 0.00102361928796 False 0.5038838336409599 0.5893502549917353
976 0.465485010648 False 0.5038838336409599 0.5893502549917353
977 8.23482345415e-13 False 0.5038838336409599 0.5893502549917353
978 0.00410458023316 False 0.5038838336409599 0.5893502549917353
979 1.40969541672e-12 False 0.5038838336409599 0.5893502549917353
980 0.0564772270032 False 0.5038838336409599 0.5893502549917353
981 1.68112834233e-16 False 0.5038838336409599 0.5893502549917353
982 2.60189865612e-18 False 0.5038838336409599 0.5893502549917353
983 0.0292738250847 False 0.5038838336409599 0.5893502549917353
984 1.23420006473e-15 False 0.5038838336409599 0.5893502549917353
985 0.0392152833512 False 0.5038838336409599 0.5893502549917353
986 4.29295784884e-11 False 0.5038838336409599 0.5893502549917353
987 0.153370344339 True 0.48848828366225683 0.5615060950363876
988 6.97169735469e-07 False 0.48848828366225683 0.5615060950363876
989 1.70127426401e-06 False 0.48848828366225683 0.5615060950363876
990 2.02597972898e-14 False 0.48848828366225683 0.5615060950363876
991 6.72279590766e-09 False 0.48848828366225683 0.5615060950363876
992 4.48047720869 True 0.49363955547088484 0.6229788757370415
993 8.94666396893e-07 False 0.49363955547088484 0.6229788757370415
994 2.71350167439e-15 False 0.49363955547088484 0.6229788757370415
995 1.24993630347e-10 False 0.49363955547088484 0.6229788757370415
996 0.371982018005 False 0.49363955547088484 0.6229788757370415
997 0.00463072846158 False 0.49363955547088484 0.6229788757370415
998 1.8569416661e-10 False 0.49363955547088484 0.6229788757370415
999 3.83584173311e-07 False 0.49363955547088484 0.6229788757370415
